300	2.40013493092963	0.00199927733792777
301	2.40245689760749	0.00196777353198099
302	2.40449102128563	0.00193691698451837
303	2.40624420525638	0.00190669686209888
304	2.40772335281204	0.00187710233128149
305	2.40893536724495	0.00184812255862518
306	2.40988715184741	0.00181974671068893
307	2.41058560991174	0.00179196395403171
308	2.41103764473027	0.00176476345521251
309	2.4112501595953	0.00173813438079029
310	2.41123005779916	0.00171206589732404
311	2.41098424263416	0.00168654717137273
312	2.41051961739262	0.00166156736949534
313	2.40984308536685	0.00163711565825085
314	2.40896154984919	0.00161318120419822
315	2.40788191413194	0.00158975317389645
316	2.40661108150741	0.00156682073390449
317	2.40515595526794	0.00154437305078134
318	2.40352343870583	0.00152239929108597
319	2.40172043511341	0.00150088862137735
320	2.39975384778298	0.00147983020821447
321	2.39763058000687	0.00145921321815629
322	2.3953575350774	0.00143902681776179
323	2.39294161628688	0.00141926017358996
324	2.39038972692763	0.00139990245219977
325	2.38770877029197	0.00138094282015019
326	2.38490564967221	0.0013623704440002
327	2.38198726836068	0.00134417449030878
328	2.37896052964968	0.0013263441256349
329	2.37583233683154	0.00130886851653754
330	2.37260959319858	0.00129173682957568
331	2.36929920204311	0.0012749382313083
332	2.36590806665746	0.00125846188829437
333	2.36244309033392	0.00124229696709286
334	2.35891117636484	0.00122643263426276
335	2.35531922804252	0.00121085805636304
336	2.35167414865927	0.00119556239995268
337	2.34798284150743	0.00118053483159065
338	2.34425220987929	0.00116576451783594
339	2.34048915706719	0.00115124062524751
340	2.33670058636345	0.00113695232038434
341	2.33289340106036	0.00112288876980542
342	2.32907450445027	0.00110903914006971
343	2.32525079982547	0.0010953925977362
344	2.3214291904783	0.00108193830936386
345	2.31761657970106	0.00106866544151166
346	2.31381987078608	0.00105556316073859
347	2.31004596702566	0.00104262063360362
348	2.30630177171214	0.00102982702666573
349	2.30259418813783	0.00101717150648389
350	2.29893011959504	0.00100464323961709
351	2.29531528046244	9.92232826021485E-4
352	2.29175062946405	9.79936599242055E-4
353	2.28823593641027	9.67752326220964E-4
354	2.28477097111147	9.55677773900377E-4
355	2.28135550337803	9.43710709222458E-4
356	2.27798930302033	9.31848899129374E-4
357	2.27467213984875	9.2009011056329E-4
358	2.27140378367367	9.0843211046637E-4
359	2.26818400430546	8.96872665780781E-4
360	2.26501257155451	8.85409543448689E-4
361	2.2618892552312	8.74040510412257E-4
362	2.25881382514591	8.62763333613652E-4
363	2.25578605110901	8.5157577999504E-4
364	2.25280570293088	8.40475616498585E-4
365	2.24987255042192	8.29460610066453E-4
366	2.24698636339248	8.18528527640809E-4
367	2.24414691165296	8.0767713616382E-4
368	2.24135396501373	7.96904202577649E-4
369	2.23860729328518	7.86207493824463E-4
370	2.23590666627768	7.75584776846427E-4
371	2.23325185380161	7.65033818585707E-4
372	2.23064262566735	7.54552385984467E-4
373	2.22807875168528	7.44138245984873E-4
374	2.22556000166578	7.33789165529092E-4
375	2.22308614541923	7.23502911559287E-4
376	2.22065695275601	7.13277251017624E-4
377	2.2182721934865	7.0310995084627E-4
378	2.21593163742108	6.92998777987388E-4
379	2.21363505437013	6.82941499383146E-4
380	2.21138221414402	6.72935881975707E-4
381	2.20917288655314	6.62979692707238E-4
382	2.20700684140786	6.53070698519904E-4
383	2.20488384851857	6.4320666635587E-4
384	2.20280367769565	6.33385363157302E-4
385	2.20076609874947	6.23604555866365E-4
386	2.19877088149041	6.13862011425224E-4
387	2.19681779572886	6.04155496776045E-4
388	2.19490661127519	5.94482778860994E-4
389	2.19303709793978	5.84841624622235E-4
390	2.19120902553302	5.75229801001934E-4
391	2.18942216386528	5.65645074942257E-4
392	2.18767628274693	5.56085213385369E-4
393	2.18597115198837	5.46547983273435E-4
394	2.18430654139997	5.37031151548621E-4
395	2.1826822207921	5.27532485153092E-4
396	2.18109795997516	5.18049751029013E-4
397	2.17955352875951	5.08580716118551E-4
398	2.17804869695555	4.9912314736387E-4
399	2.17658323437364	4.89674811707135E-4
400	2.17515691082416	4.80233476090513E-4
401	2.17376941181974	4.70799164787391E-4
402	2.17242008568196	4.61380931396046E-4
403	2.17110819643463	4.51990086845977E-4
404	2.16983300810158	4.42637942066685E-4
405	2.16859378470662	4.33335807987669E-4
406	2.16738979027357	4.24094995538428E-4
407	2.16622028882625	4.14926815648462E-4
408	2.16508454438849	4.05842579247271E-4
409	2.16398182098409	3.96853597264354E-4
410	2.16291138263689	3.8797118062921E-4
411	2.16187249337069	3.7920664027134E-4
412	2.16086441720932	3.70571287120243E-4
413	2.1598864181766	3.62076432105418E-4
414	2.15893776029634	3.53733386156366E-4
415	2.15801770759237	3.45553460202585E-4
416	2.15712552408851	3.37547965173574E-4
417	2.15626047380856	3.29728211998835E-4
418	2.15542182077636	3.22105511607866E-4
419	2.15460882901573	3.14691174930167E-4
420	2.15382076255047	3.07496512895238E-4
421	2.15305688540442	3.00529889133346E-4
422	2.15231646160139	2.93787878077834E-4
423	2.15159875516519	2.87264106862812E-4
424	2.15090303011966	2.80952202622392E-4
425	2.1502285504886	2.74845792490684E-4
426	2.14957458029584	2.68938503601799E-4
427	2.14894038356519	2.63223963089848E-4
428	2.14832522432048	2.57695798088941E-4
429	2.14772836658553	2.52347635733189E-4
430	2.14714907438415	2.47173103156703E-4
431	2.14658661174016	2.42165827493594E-4
432	2.14604024267739	2.37319435877973E-4
433	2.14550923121965	2.3262755544395E-4
434	2.14499284139075	2.28083813325636E-4
435	2.14449033721453	2.23681836657142E-4
436	2.1440009827148	2.19415252572579E-4
437	2.14352404191538	2.15277688206057E-4
438	2.14305877884008	2.11262770691687E-4
439	2.14260445751273	2.07364127163581E-4
440	2.14216034195715	2.03575384755848E-4
441	2.14172569619715	1.99890170602599E-4
442	2.14129978425656	1.96302111837946E-4
443	2.1408818701592	1.92804835595999E-4
444	2.14047121792887	1.89391969010869E-4
445	2.14006709158941	1.86057139216667E-4
446	2.13966875516463	1.82793973347503E-4
447	2.13927547267835	1.79596098537488E-4
448	2.13888650815439	1.76457141920733E-4
449	2.13850112561657	1.73370730631348E-4
450	2.13811858908871	1.70330491803446E-4
451	2.13773828342017	1.67331070572868E-4
452	2.13736007676248	1.6437118408239E-4
453	2.13698395809272	1.61450567476518E-4
454	2.13660991638795	1.58568955899759E-4
455	2.13623794062525	1.55726084496621E-4
456	2.1358680197817	1.52921688411611E-4
457	2.13550014283436	1.50155502789235E-4
458	2.13513429876032	1.47427262774E-4
459	2.13477047653664	1.44736703510415E-4
460	2.13440866514039	1.42083560142985E-4
461	2.13404885354866	1.39467567816218E-4
462	2.13369103073851	1.3688846167462E-4
463	2.13333518568702	1.343459768627E-4
464	2.13298130737126	1.31839848524963E-4
465	2.1326293847683	1.29369811805917E-4
466	2.13227940685521	1.2693560185007E-4
467	2.13193136260908	1.24536953801927E-4
468	2.13158524100697	1.22173602805997E-4
469	2.13124103102595	1.19845284006785E-4
470	2.13089872164311	1.175517325488E-4
471	2.13055830183551	1.15292683576548E-4
472	2.13021976058022	1.13067872234537E-4
473	2.12988308685432	1.10877033667273E-4
474	2.12954826963489	1.08719903019263E-4
475	2.12921529789899	1.06596215435014E-4
476	2.1288841606237	1.04505706059035E-4
477	2.12855484678609	1.0244811003583E-4
478	2.12822734536324	1.00423162509908E-4
479	2.12790164533221	9.84305986257764E-5
480	2.12757773567009	9.64701535279409E-5
481	2.12725560535394	9.45415623609093E-5
482	2.12693524336084	9.26445602691883E-5
483	2.12661663866786	9.07788823972852E-5
484	2.12629978025208	8.8944263889707E-5
485	2.12598465709057	8.71404398909607E-5
486	2.12567125816039	8.53671455455534E-5
487	2.12535957243863	8.36241159979921E-5
488	2.12504958890236	8.19110863927839E-5
489	2.12474129652865	8.02277918744357E-5
490	2.12443468429458	7.85739675874548E-5
491	2.12412974117721	7.69493486763481E-5
492	2.12382645615362	7.53536702856226E-5
493	2.12352481820088	7.37866675597854E-5
494	2.12322481629608	7.22480756433436E-5
495	2.12292643941627	7.07376296808042E-5
496	2.12262967653854	6.92550648166743E-5
497	2.12233451663995	6.78001161954609E-5
498	2.12204094869759	6.6372518961671E-5
499	2.12174896168851	6.49720082598117E-5
500	2.12145854458981	6.35983192343901E-5
501	2.12116968637854	6.22511870299131E-5
502	2.12088237603179	6.09303467908879E-5
503	2.12059660252662	5.96355336618215E-5
504	2.12031235484011	5.8366482787221E-5
505	2.12002962194934	5.71229293115933E-5
506	2.11974839283137	5.59046083794456E-5
507	2.11946865646328	5.47112551352848E-5
508	2.11919040182214	5.35426047236181E-5
509	2.11891361788503	5.23983922889525E-5
510	2.11863829362902	5.1278352975795E-5
511	2.11836441803118	5.01822219286527E-5
512	2.11809198006859	4.91097342920326E-5
513	2.11782096871831	4.80606252104418E-5
514	2.11755137295743	4.70346298283873E-5
515	2.11728318176301	4.60314832903762E-5
516	2.11701638411213	4.50509207409155E-5
517	2.11675096898186	4.40926773245122E-5
518	2.11648692534928	4.31564881856735E-5
519	2.11622424219145	4.22420884689064E-5
520	2.11596290848546	4.13492133187178E-5
521	2.11570291320837	4.04775978796149E-5
522	2.11544424533726	3.96269772961048E-5
523	2.1151868938492	3.87970867126944E-5
524	2.11493084772126	3.79876612738908E-5
525	2.11467609593052	3.7198436124201E-5
526	2.11442262745405	3.64291464081322E-5
527	2.11417043126893	3.56795272701913E-5
528	2.11391949635222	3.49493138548854E-5
529	2.11366981168101	3.42382413067215E-5
530	2.11342136623235	3.35460447702068E-5
531	2.11317414898334	3.28724593898482E-5
532	2.11292814891103	3.22172203101527E-5
533	2.11268335499251	3.15800626756276E-5
534	2.11243975620485	3.09607216307797E-5
535	2.11219734152511	3.03589323201161E-5
536	2.11195609993038	2.97744298881439E-5
537	2.11171602039772	2.92069494793702E-5
538	2.11147709190422	2.86562262383019E-5
539	2.11123930342693	2.81219953094462E-5
540	2.11100264394295	2.76039918373101E-5
541	2.11076710242933	2.71019509664005E-5
542	2.11053266786315	2.66156078412247E-5
543	2.11029932922149	2.61446976062895E-5
544	2.11006707548142	2.56889554061022E-5
545	2.10983589562002	2.52481163851696E-5
546	2.10960577861434	2.4821915687999E-5
547	2.10937671344148	2.44100884590972E-5
548	2.1091486890785	2.40123698429714E-5
549	2.10892169450247	2.36284949841286E-5
550	2.10869571869048	2.32581990270759E-5
551	2.10847075061958	2.29012171163203E-5
552	2.10824677926686	2.25572843963688E-5
553	2.10802379360939	2.22261360117286E-5
554	2.10780178262424	2.19075071069066E-5
555	2.10758073528848	2.16011328264099E-5
556	2.10736064057919	2.13067483147455E-5
557	2.10714148747344	2.10240887164205E-5
558	2.10692326494831	2.0752889175942E-5
559	2.10670596198087	2.0492884837817E-5
560	2.10648956754818	2.02438108465525E-5
561	2.10627407062733	2.00054023466556E-5
562	2.10605946019539	1.97773944826334E-5
563	2.10584572522943	1.95595223989928E-5
564	2.10563285470652	1.9351521240241E-5
565	2.10542083760374	1.9153126150885E-5
566	2.10520966289816	1.89640722754318E-5
567	2.10499931956685	1.87840947583884E-5
568	2.10478979658689	1.8612928744262E-5
569	2.10458108293535	1.84503093775596E-5
570	2.1043731675893	1.82959718027882E-5
571	2.10416603952582	1.81496511644549E-5
572	2.10395968772198	1.80110826070667E-5
573	2.10375410115485	1.78800012751306E-5
574	2.10354926880151	1.77561423131538E-5
575	2.10334517963903	1.76392408656432E-5
576	2.10314182264448	1.7529032077106E-5
577	2.10293918679493	1.74252510920491E-5
578	2.10273726106747	1.73276330549796E-5
579	2.10253603443916	1.72359131104046E-5
580	2.10233549588707	1.71498264028311E-5
581	2.10213563438828	1.70691080767661E-5
582	2.10193643891987	1.69934932767168E-5
583	2.1017378984589	1.69227171471901E-5
584	2.10154000198245	1.68565148326931E-5
585	2.10134273846759	1.67946214777328E-5
586	2.10114609689139	1.67367722268164E-5
587	2.10095006623094	1.66827022244508E-5
588	2.10075463546329	1.6632146615143E-5
589	2.10055979356553	1.65848405434003E-5
590	2.10036552951473	1.65405191537295E-5
591	2.10017183228796	1.64989175906377E-5
592	2.0999786908623	1.6459770998632E-5
593	2.09978609421481	1.64228145222195E-5
594	2.09959403132257	1.63877833059071E-5
595	2.09940249116266	1.6354412494202E-5
596	2.09921146271214	1.63224372316112E-5
597	2.0990209349481	1.62915926626416E-5
598	2.0988308968476	1.62616139318005E-5
599	2.09864133738772	1.62322361835948E-5
600	2.09845224554552	1.62031945625315E-5
601	2.09826361204902	1.6174268342801E-5
602	2.09807543462987	1.61454133173265E-5
603	2.0978877127707	1.61166294087145E-5
604	2.09770044595409	1.60879165395715E-5
605	2.09751363366266	1.60592746325039E-5
606	2.09732727537899	1.60307036101182E-5
607	2.09714137058571	1.6002203395021E-5
608	2.0969559187654	1.59737739098186E-5
609	2.09677091940066	1.59454150771176E-5
610	2.09658637197411	1.59171268195245E-5
611	2.09640227596834	1.58889090596457E-5
612	2.09621863086595	1.58607617200878E-5
613	2.09603543614955	1.58326847234571E-5
614	2.09585269130173	1.58046779923603E-5
615	2.0956703958051	1.57767414494037E-5
616	2.09548854914227	1.57488750171939E-5
617	2.09530715079583	1.57210786183373E-5
618	2.09512620024838	1.56933521754404E-5
619	2.09494569698253	1.56656956111097E-5
620	2.09476564048087	1.56381088479517E-5
621	2.09458603022602	1.56105918085729E-5
622	2.09440686570056	1.55831444155797E-5
623	2.09422814638712	1.55557665915787E-5
624	2.09404987176827	1.55284582591763E-5
625	2.09387204132664	1.55012193409789E-5
626	2.09369465454481	1.54740497595932E-5
627	2.09351771090539	1.54469494376255E-5
628	2.09334120989099	1.54199182976823E-5
629	2.0931651509842	1.53929562623702E-5
630	2.09298953366762	1.53660632542955E-5
631	2.09281435742387	1.53392391960649E-5
632	2.09263962173553	1.53124840102847E-5
633	2.09246532608522	1.52857976195615E-5
634	2.09229146995552	1.52591799465017E-5
635	2.09211805282906	1.52326309137119E-5
636	2.09194507418842	1.52061504437984E-5
637	2.09177253351621	1.51797384593678E-5
638	2.09160043029503	1.51533948830266E-5
639	2.09142876400748	1.51271196373812E-5
640	2.09125753413617	1.51009126450382E-5
641	2.09108674016369	1.5074773828604E-5
642	2.09091638157266	1.5048703110685E-5
643	2.09074645784566	1.50227004138879E-5
644	2.0905769684653	1.4996765660819E-5
645	2.09040791291418	1.49708987740848E-5
646	2.09023929067492	1.49450996762919E-5
647	2.09007110123009	1.49193682900467E-5
648	2.08990334406232	1.48937045379556E-5
649	2.0897360186542	1.48681083426253E-5
650	2.08956912448833	1.48425796266621E-5
651	2.08940266104731	1.48171183126725E-5
652	2.08923662781375	1.4791724323263E-5
653	2.08907102427025	1.47663975810402E-5
654	2.0889058498994	1.47411380086104E-5
655	2.08874110418382	1.47159455285802E-5
656	2.0885767866061	1.4690820063556E-5
657	2.08841289664885	1.46657615361444E-5
658	2.08824943379466	1.46407698689517E-5
659	2.08808639752615	1.46158449845846E-5
660	2.0879237873259	1.45909868056494E-5
661	2.08776160267652	1.45661952547527E-5
662	2.08759984306062	1.4541470254501E-5
663	2.0874385079608	1.45168117275006E-5
664	2.08727759685965	1.44922195963582E-5
665	2.08711710923978	1.44676937836802E-5
666	2.0869570445838	1.4443234212073E-5
667	2.08679740237429	1.44188408041432E-5
668	2.08663818209388	1.43945134824972E-5
669	2.08647938322515	1.43702521697415E-5
670	2.0863210052507	1.43460567884826E-5
671	2.08616304765315	1.4321927261327E-5
672	2.08600550991509	1.42978635108812E-5
673	2.08584839151912	1.42738654597516E-5
674	2.08569169194785	1.42499330305448E-5
675	2.08553541068388	1.42260661458671E-5
676	2.08537954720981	1.42022647283252E-5
677	2.08522410100823	1.41785287005254E-5
678	2.08506907156176	1.41548579850743E-5
679	2.084914458353	1.41312525045783E-5
680	2.08476026086454	1.4107712181644E-5
681	2.08460647857899	1.40842369388777E-5
682	2.08445311097895	1.40608266988861E-5
683	2.08430015754703	1.40374813842755E-5
684	2.08414761776581	1.40142009176524E-5
685	2.08399549111792	1.39909852216234E-5
686	2.08384377708594	1.39678342187949E-5
687	2.08369247515248	1.39447478317735E-5
688	2.08354158480014	1.39217259831654E-5
689	2.08339110551152	1.38987685955774E-5
690	2.08324103676923	1.38758755916158E-5
691	2.08309137805587	1.38530468938871E-5
692	2.08294212885403	1.38302824249979E-5
693	2.08279328864632	1.38075821075545E-5
694	2.08264485691535	1.37849458641635E-5
695	2.08249683314371	1.37623736174314E-5
696	2.082349216814	1.37398652899646E-5
697	2.08220200740884	1.37174208043696E-5
698	2.08205520441081	1.36950400832529E-5
699	2.08190880730252	1.3672723049221E-5
700	2.08176281556658	1.36504696248804E-5
701	2.08161722868558	1.36282797328375E-5
702	2.08147204614213	1.36061532956989E-5
703	2.08132726741882	1.3584090236071E-5
704	2.08118289199827	1.35620904765603E-5
705	2.08103891936306	1.35401539397732E-5
706	2.08089534899582	1.35182805483164E-5
707	2.08075218037912	1.34964702247961E-5
708	2.08060941299559	1.3474722891819E-5
709	2.08046704632781	1.34530384719915E-5
710	2.08032507985839	1.34314168879201E-5
711	2.08018351306994	1.34098580622113E-5
712	2.08004234544505	1.33883619174715E-5
713	2.07990157646633	1.33669283763073E-5
714	2.07976120561638	1.33455573613251E-5
715	2.07962123237779	1.33242487951314E-5
716	2.07948165623318	1.33030026003326E-5
717	2.07934247666514	1.32818186995354E-5
718	2.07920369315628	1.32606970153461E-5
719	2.07906530518919	1.32396374703712E-5
720	2.07892731224649	1.32186399872173E-5
721	2.07878971381076	1.31977044884907E-5
722	2.07865250936462	1.3176830896798E-5
723	2.07851569839066	1.31560191347457E-5
724	2.07837928037149	1.31352691249402E-5
725	2.07824325478971	1.31145807899881E-5
726	2.07810762112791	1.30939540524957E-5
727	2.07797237886871	1.30733888350697E-5
728	2.0778375274947	1.30528850603164E-5
729	2.07770306648849	1.30324426508424E-5
730	2.07756899533267	1.30120615292541E-5
731	2.07743531350986	1.29917416181581E-5
732	2.07730202050264	1.29714828401607E-5
733	2.07716911579363	1.29512851178685E-5
734	2.07703659886542	1.2931148373888E-5
735	2.07690446920061	1.29110725308257E-5
736	2.07677272628182	1.2891057511288E-5
737	2.07664136959163	1.28711032378814E-5
738	2.07651039861266	1.28512096332124E-5
739	2.0763798128275	1.28313766198874E-5
740	2.07624961171876	1.28116041205131E-5
741	2.07611979476903	1.27918920576957E-5
742	2.07599036146092	1.27722403540419E-5
743	2.07586131127703	1.27526489321582E-5
744	2.07573264369997	1.27331177146509E-5
745	2.07560435821232	1.27136466241265E-5
746	2.07547645429671	1.26942355831917E-5
747	2.07534893143572	1.26748845144527E-5
748	2.07522178911197	1.26555933405162E-5
749	2.07509502680804	1.26363619839886E-5
750	2.07496864400655	1.26171903674764E-5
751	2.07484264019009	1.2598078413586E-5
752	2.07471701484127	1.2579026044924E-5
753	2.07459176744269	1.25600331840968E-5
754	2.07446689747695	1.2541099753711E-5
755	2.07434240442665	1.25222256763729E-5
756	2.0742182877744	1.25034108746891E-5
757	2.07409454700279	1.24846552712661E-5
758	2.07397118159443	1.24659587887103E-5
759	2.07384819103192	1.24473213496282E-5
760	2.07372557479786	1.24287428766264E-5
761	2.07360333237485	1.24102232923112E-5
762	2.0734814632455	1.23917625192892E-5
763	2.07335996689241	1.23733604801669E-5
764	2.07323884279817	1.23550170975507E-5
765	2.0731180904454	1.23367322940471E-5
766	2.07299770931669	1.23185059922627E-5
767	2.07287769889464	1.23003381148038E-5
768	2.07275805866186	1.22822285842769E-5
769	2.07263878810094	1.22641773232887E-5
770	2.0725198866945	1.22461842544454E-5
771	2.07240135392513	1.22282493003537E-5
772	2.07228318927543	1.221037238362E-5
773	2.072165392228	1.21925534268507E-5
774	2.07204796226545	1.21747923526524E-5
775	2.07193089887038	1.21570890836315E-5
776	2.0718142015254	1.21394435423946E-5
777	2.07169786971309	1.21218556515481E-5
778	2.07158190291607	1.21043253336985E-5
779	2.07146630061693	1.20868525114522E-5
780	2.07135106229828	1.20694371074158E-5
781	2.07123618744272	1.20520790441957E-5
782	2.07112167553285	1.20347782443985E-5
783	2.07100752605128	1.20175346306305E-5
784	2.0708937384806	1.20003481254984E-5
785	2.07078031230341	1.19832186516084E-5
786	2.07066724700233	1.19661461315673E-5
787	2.07055454205994	1.19491304879814E-5
788	2.07044219695886	1.19321716434572E-5
789	2.07033021118168	1.19152695206011E-5
790	2.07021858421101	1.18984240420198E-5
791	2.07010731552945	1.18816351303196E-5
792	2.06999640461959	1.18649027081071E-5
793	2.06988585096405	1.18482266979887E-5
794	2.06977565404542	1.18316070225709E-5
795	2.0696658133463	1.18150436044602E-5
796	2.0695563283493	1.1798536366263E-5
797	2.06944719853702	1.17820852305859E-5
798	2.06933842339206	1.17656901200354E-5
799	2.06923000239702	1.17493509572178E-5
800	2.0691219350345	1.17330676647398E-5
801	2.06901422078711	1.17168401652078E-5
802	2.06890685913745	1.17006683812282E-5
803	2.06879984956812	1.16845522354075E-5
804	2.06869319156172	1.16684916503523E-5
805	2.06858688460085	1.1652486548669E-5
806	2.06848092816811	1.16365368529641E-5
807	2.06837532174612	1.16206424858441E-5
808	2.06827006481746	1.16048033699154E-5
809	2.06816515686474	1.15890194277846E-5
810	2.06806059737056	1.15732905820581E-5
811	2.06795638581753	1.15576167553424E-5
812	2.06785252168824	1.1541997870244E-5
813	2.0677490044653	1.15264338493693E-5
814	2.06764583363131	1.1510924615325E-5
815	2.06754300866887	1.14954700907173E-5
816	2.06744052906059	1.14800701981529E-5
817	2.06733839428905	1.14647248602381E-5
818	2.06723660383688	1.14494339995796E-5
819	2.06713515718666	1.14341975387837E-5
820	2.067034053821	1.1419015400457E-5
821	2.06693329322251	1.14038875072059E-5
822	2.06683287487378	1.13888137816369E-5
823	2.06673279825741	1.13737941463565E-5
824	2.06663306285601	1.13588285239711E-5
825	2.06653366815218	1.13439168370874E-5
826	2.06643461362852	1.13290590083116E-5
827	2.06633589876764	1.13142549602504E-5
828	2.06623752305213	1.12995046155102E-5
829	2.06613948596459	1.12848078966975E-5
830	2.06604178698764	1.12701647264188E-5
831	2.06594442560386	1.12555750272805E-5
832	2.06584740129586	1.12410387218892E-5
833	2.06575071354625	1.12265557328512E-5
834	2.06565436183763	1.12121259827732E-5
835	2.06555834565259	1.11977493942615E-5
836	2.06546266447374	1.11834258899227E-5
837	2.06536731778368	1.11691553923633E-5
838	2.06527230506501	1.11549378241897E-5
839	2.06517762580034	1.11407731080084E-5
840	2.06508327947227	1.11266611664259E-5
841	2.06498926556339	1.11126019220486E-5
842	2.06489558355631	1.10985952974831E-5
843	2.06480223293364	1.10846412153359E-5
844	2.06470921317797	1.10707395982134E-5
845	2.0646165237719	1.10568903687221E-5
846	2.06452416419804	1.10430934494685E-5
847	2.06443213393899	1.1029348763059E-5
848	2.06434043247735	1.10156562321002E-5
849	2.06424905929572	1.10020157791985E-5
850	2.06415801387671	1.09884273269605E-5
851	2.06406729570291	1.09748907979925E-5
852	2.06397690425694	1.09614061149012E-5
853	2.06388683902138	1.09479732002929E-5
854	2.06379709947884	1.09345919767741E-5
855	2.06370768511193	1.09212623669514E-5
856	2.06361859540324	1.09079842934311E-5
857	2.06352982983538	1.08947576788199E-5
858	2.06344138789095	1.08815824457242E-5
859	2.06335326905254	1.08684585167504E-5
860	2.06326547280277	1.0855385814505E-5
861	2.06317799862424	1.08423642615946E-5
862	2.06309084599954	1.08293937806255E-5
863	2.06300401441128	1.08164742942044E-5
864	2.06291750334206	1.08036057249376E-5
865	2.06283131227448	1.07907879954317E-5
866	2.06274544069114	1.07780210282931E-5
867	2.06265988807465	1.07653047461283E-5
868	2.06257465390761	1.07526390715439E-5
869	2.06248973767261	1.07400239271462E-5
870	2.06240513885227	1.07274592355417E-5
871	2.06232085692918	1.0714944919337E-5
872	2.06223689138594	1.07024809011386E-5
873	2.06215324170516	1.06900671035528E-5
874	2.06206990736943	1.06777034491863E-5
875	2.06198688786137	1.06653898606454E-5
876	2.06190418266357	1.06531262605366E-5
877	2.06182179125863	1.06409125714666E-5
878	2.06173971312915	1.06287487160416E-5
879	2.06165794775775	1.06166346168682E-5
880	2.06157649462701	1.0604570196553E-5
881	2.06149535321954	1.05925553777023E-5
882	2.06141452301794	1.05805900829226E-5
883	2.06133400350482	1.05686742348205E-5
884	2.06125379416277	1.05568077560024E-5
885	2.0611738944744	1.05449905690747E-5
886	2.06109430392232	1.05332225966441E-5
887	2.06101502198911	1.05215037613169E-5
888	2.06093604815738	1.05098339856997E-5
889	2.06085738190975	1.04982131923989E-5
890	2.06077902272879	1.0486641304021E-5
891	2.06070097009713	1.04751182431725E-5
892	2.06062322349736	1.04636439324599E-5
893	2.06054578241208	1.04522182944896E-5
894	2.06046864632389	1.04408412518682E-5
895	2.0603918147154	1.04295127272021E-5
896	2.0603152870692	1.04182326430978E-5
897	2.06023906286791	1.04070009221618E-5
898	2.06016314159412	1.03958174870005E-5
899	2.06008752273043	1.03846822602205E-5
900	2.06001220575944	1.03735951644283E-5
901	2.05993719016376	1.03625561222302E-5
902	2.05986247542599	1.03515650562329E-5
903	2.05978806102874	1.03406218890427E-5
904	2.05971394645459	1.03297265432662E-5
905	2.05964013118616	1.03188789415098E-5
906	2.05956661470604	1.030807900638E-5
907	2.05949339649684	1.02973266604834E-5
908	2.05942047604116	1.02866218264264E-5
909	2.0593478528216	1.02759644268154E-5
910	2.05927552632076	1.0265354384257E-5
911	2.05920349602125	1.02547916213576E-5
912	2.05913176140567	1.02442760607237E-5
913	2.05906032195661	1.02338076249619E-5
914	2.05898917715668	1.02233862366785E-5
915	2.05891832648849	1.02130118184801E-5
916	2.05884776943463	1.02026842929732E-5
917	2.05877750547771	1.01924035827641E-5
918	2.05870753410032	1.01821696104595E-5
919	2.05863785478507	1.01719822986658E-5
920	2.05856846701457	1.01618415699895E-5
921	2.0584993702714	1.0151747347037E-5
922	2.05843056403818	1.01416995524149E-5
923	2.05836204779751	1.01316981087296E-5
924	2.05829382103199	1.01217429385876E-5
925	2.05822588322421	1.01118339645954E-5
926	2.05815823385679	1.01019711093594E-5
927	2.05809087241232	1.00921542954863E-5
928	2.05802379837341	1.00823834455823E-5
929	2.05795701122266	1.00726584822541E-5
930	2.05789051044266	1.00629793281081E-5
931	2.05782429551603	1.00533459057508E-5
932	2.05775836592535	1.00437581377886E-5
933	2.05769272115325	1.00342159468281E-5
934	2.05762736068231	1.00247192554757E-5
935	2.05756228399513	1.00152679863379E-5
936	2.05749749057433	1.00058620620212E-5
937	2.0574329799025	9.99650140513215E-6
938	2.05736875146224	9.98718593827711E-6
939	2.05730480473616	9.97791558406261E-6
940	2.05724113920686	9.96869026509514E-6
941	2.05717775435693	9.95950990398118E-6
942	2.05711464966899	9.95037442332721E-6
943	2.05705182462563	9.94128374573971E-6
944	2.05698927870945	9.93223779382516E-6
945	2.05692701140306	9.92323649019006E-6
946	2.05686502218906	9.91427975744087E-6
947	2.05680331055004	9.90536751818408E-6
948	2.05674187596862	9.89649969502617E-6
949	2.0566807179274	9.88767621057364E-6
950	2.05661983590897	9.87889698743295E-6
951	2.05655922939593	9.87016194821058E-6
952	2.0564988978709	9.86147101551304E-6
953	2.05643884081646	9.85282411194679E-6
954	2.05637905771523	9.84422116011831E-6
955	2.0563195480498	9.8356620826341E-6
956	2.05626031130278	9.82714680210063E-6
957	2.05620134695677	9.81867524112438E-6
958	2.05614265449437	9.81024732231184E-6
959	2.05608423339817	9.80186296826949E-6
960	2.0560260831508	9.79352210160382E-6
961	2.05596820323483	9.78522464492129E-6
962	2.05591059313289	9.7769705208284E-6
963	2.05585325232756	9.76875965193163E-6
964	2.05579618030146	9.76059196083746E-6
965	2.05573937653717	9.75246737015237E-6
966	2.05568284051732	9.74438580248285E-6
967	2.05562657172448	9.73634718043538E-6
968	2.05557056964128	9.72835142661644E-6
969	2.0555148337503	9.72039846363251E-6
970	2.05545936353416	9.71248821409007E-6
971	2.05540415847545	9.70462060059561E-6
972	2.05534921805678	9.69679554575561E-6
973	2.05529454176074	9.68901297217656E-6
974	2.05524012906994	9.68127280246492E-6
975	2.05518597946698	9.6735749592272E-6
976	2.05513209243447	9.66591936506986E-6
977	2.055078467455	9.65830594259939E-6
978	2.05502510401117	9.65073461442227E-6
979	2.05497200158559	9.643205303145E-6
980	2.05491915966087	9.63571793137404E-6
981	2.05486657771959	9.62827242171587E-6
982	2.05481425524437	9.620868696777E-6
983	2.0547621917178	9.61350667916388E-6
984	2.05471038662249	9.60618629148302E-6
985	2.05465883944104	9.59890745634088E-6
986	2.05460754965605	9.59167009634396E-6
987	2.05455651675012	9.58447413409873E-6
988	2.05450574020586	9.57731949221167E-6
989	2.05445521950586	9.57020609328928E-6
990	2.05440495413273	9.56313385993802E-6
991	2.05435494356906	9.55610271476439E-6
992	2.05430518729748	9.54911258037487E-6
993	2.05425568480056	9.54216337937593E-6
994	2.05420643556092	9.53525503437406E-6
995	2.05415743906115	9.52838746797575E-6
996	2.05410869478387	9.52156060278747E-6
997	2.05406020221166	9.51477436141571E-6
998	2.05401196082714	9.50802866646695E-6
999	2.0539639701129	9.50132344054767E-6
1000	2.05391622955155	9.49465860626436E-6
1001	2.05386873862568	9.48803408622348E-6
1002	2.05382149681791	9.48144980303155E-6
1003	2.05377450361082	9.47490567929502E-6
1004	2.05372775848703	9.46840163762038E-6
1005	2.05368126092914	9.46193760061412E-6
1006	2.05363501041974	9.45551349088272E-6
1007	2.05358900644144	9.44912923103266E-6
1008	2.05354324847684	9.44278474367042E-6
1009	2.05349773600854	9.43647995140249E-6
1010	2.05345246851914	9.43021477683535E-6
1011	2.05340744549126	9.42398914257547E-6
1012	2.05336266640747	9.41780297122935E-6
1013	2.0533181307504	9.41165618540346E-6
1014	2.05327383800264	9.40554870770429E-6
1015	2.0532297876468	9.39948046073832E-6
1016	2.05318597916546	9.39345136711202E-6
1017	2.05314241204125	9.3874613494319E-6
1018	2.05309908575675	9.38151033030442E-6
1019	2.05305599979458	9.37559823233606E-6
1020	2.05301315363732	9.36972497813332E-6
1021	2.05297054676759	9.36389049030267E-6
1022	2.05292817866799	9.3580946914506E-6
1023	2.05288604882111	9.35233750418358E-6
1024	2.05284415670956	9.3466188511081E-6
1025	2.05280250181595	9.34093865483065E-6
1026	2.05276108362286	9.3352968379577E-6
1027	2.05271990161291	9.32969332309574E-6
1028	2.0526789552687	9.32412803285124E-6
1029	2.05263824407283	9.3186008898307E-6
1030	2.05259776750789	9.31311181664059E-6
1031	2.0525575250565	9.3076607358874E-6
1032	2.05251751620126	9.30224757017761E-6
1033	2.05247774042475	9.29687224211769E-6
1034	2.0524381972096	9.29153467431415E-6
1035	2.05239888603839	9.28623478937344E-6
1036	2.05235980639374	9.28097250990207E-6
1037	2.05232095775824	9.2757477585065E-6
1038	2.05228233961449	9.27056045779322E-6
1039	2.0522439514451	9.26541053036873E-6
1040	2.05220579273267	9.26029789883948E-6
1041	2.0521678629598	9.25522248581198E-6
1042	2.05213016160909	9.2501842138927E-6
1043	2.05209268816314	9.24518300568812E-6
1044	2.05205544210456	9.24021878380473E-6
1045	2.05201842291595	9.23529147084901E-6
1046	2.05198163007991	9.23040098942744E-6
1047	2.05194506307903	9.2255472621465E-6
1048	2.05190872139593	9.22073021161268E-6
1049	2.05187260451321	9.21594976043245E-6
1050	2.05183671191346	9.21120583121231E-6
1051	2.05180104307929	9.20649834655873E-6
1052	2.0517655974933	9.20182722907819E-6
1053	2.05173037463809	9.19719240137718E-6
1054	2.05169537399626	9.19259378606218E-6
1055	2.05166059505042	9.18803130573967E-6
1056	2.05162603728317	9.18350488301614E-6
1057	2.05159170017711	9.17901444049806E-6
1058	2.05155758321484	9.17455990079192E-6
1059	2.05152368587896	9.1701411865042E-6
1060	2.05149000765207	9.16575822024139E-6
1061	2.05145654801678	9.16141092460996E-6
1062	2.05142330645569	9.1570992222164E-6
1063	2.0513902824514	9.15282303566719E-6
1064	2.05135747548651	9.14858228756881E-6
1065	2.05132488504363	9.14437690052775E-6
1066	2.05129251060535	9.14020679715049E-6
1067	2.05126035165428	9.1360719000435E-6
1068	2.05122840767301	9.13197213181328E-6
1069	2.05119667814416	9.1279074150663E-6
1070	2.05116516255032	9.12387767240904E-6
1071	2.05113386037409	9.119882826448E-6
1072	2.05110277109808	9.11592279978965E-6
1073	2.05107189420489	9.11199751504047E-6
1074	2.05104122917712	9.10810689480695E-6
1075	2.05101077549737	9.10425086169556E-6
1076	2.05098053264825	9.1004293383128E-6
1077	2.05095050011234	9.09664224726513E-6
1078	2.05092067737227	9.09288951115906E-6
1079	2.05089106391063	9.08917105260105E-6
1080	2.05086165921001	9.08548679419759E-6
1081	2.05083246275303	9.08183665855516E-6
1082	2.05080347402228	9.07822056828025E-6
1083	2.05077469250037	9.07463844597933E-6
1084	2.0507461176699	9.0710902142589E-6
1085	2.05071774901346	9.06757579572542E-6
1086	2.05068958601367	9.06409511298539E-6
1087	2.05066162815312	9.06064808864529E-6
1088	2.05063387491442	9.05723464531159E-6
1089	2.05060632578016	9.05385470559078E-6
1090	2.05057898023296	9.05050819208935E-6
1091	2.0505518377554	9.04719502741377E-6
1092	2.0505248978301	9.04391513417053E-6
1093	2.05049815993965	9.04066843496611E-6
1094	2.05047162356665	9.03745485240699E-6
1095	2.05044528819372	9.03427430909965E-6
1096	2.05041915330344	9.03112672765059E-6
1097	2.05039321837843	9.02801203066627E-6
1098	2.05036748290127	9.02493014075318E-6
1099	2.05034194635459	9.02188098051781E-6
1100	2.05031660822097	9.01886447256663E-6
1101	2.05029146798302	9.01588053950613E-6
1102	2.05026652512334	9.0129291039428E-6
1103	2.05024177912453	9.0100100884831E-6
1104	2.0502172294692	9.00712341573353E-6
1105	2.05019287563994	9.00426900830057E-6
1106	2.05016871711936	9.0014467887907E-6
1107	2.05014475339006	8.9986566798104E-6
1108	2.05012098393464	8.99589860396616E-6
1109	2.0500974082357	8.99317248386445E-6
1110	2.05007402577585	8.99047824211177E-6
1111	2.05005083603769	8.98781580131458E-6
1112	2.05002783850381	8.98518508407938E-6
1113	2.05000503265683	8.98258601301264E-6
1114	2.04998241797934	8.98001851072085E-6
1115	2.04995999395394	8.9774824998105E-6
1116	2.04993776006324	8.97497790288806E-6
1117	2.04991571578983	8.97250464256001E-6
1118	2.04989386061633	8.97006264143284E-6
1119	2.04987219402532	8.96765182211303E-6
1120	2.04985071549942	8.96527210720706E-6
1121	2.04982942452123	8.96292341932142E-6
1122	2.04980832057334	8.96060568106259E-6
1123	2.04978740313836	8.95831881503704E-6
1124	2.04976667169889	8.95606274385127E-6
1125	2.04974612573753	8.95383739011175E-6
1126	2.04972576473689	8.95164267642497E-6
1127	2.04970558817956	8.9494785253974E-6
1128	2.04968559554815	8.94734485963554E-6
1129	2.04966578632526	8.94524160174586E-6
1130	2.04964615999349	8.94316867433485E-6
1131	2.04962671603544	8.94112600000898E-6
1132	2.04960745393372	8.93911350137475E-6
1133	2.04958837317092	8.93713110103862E-6
1134	2.04956947322966	8.9351787216071E-6
1135	2.04955075359252	8.93325628568664E-6
1136	2.04953221374212	8.93136371588376E-6
1137	2.04951385316105	8.92950093480491E-6
1138	2.04949567133191	8.92766786505658E-6
1139	2.04947766773731	8.92586442924526E-6
1140	2.04945984185986	8.92409054997743E-6
1141	2.04944219318214	8.92234614985958E-6
1142	2.04942472118677	8.92063115149817E-6
1143	2.04940742535634	8.9189454774997E-6
1144	2.04939030517345	8.91728905047065E-6
1145	2.04937336012072	8.9156617930175E-6
1146	2.04935658968074	8.91406362774674E-6
1147	2.04933999333611	8.91249447726483E-6
1148	2.04932357056943	8.91095426417828E-6
1149	2.04930732086331	8.90944291109356E-6
1150	2.04929124370034	8.90796034061714E-6
1151	2.04927533856314	8.90650647535552E-6
1152	2.04925960493429	8.90508123791518E-6
1153	2.04924404229641	8.9036845509026E-6
1154	2.04922865013209	8.90231633692426E-6
1155	2.04921342792394	8.90097651858664E-6
1156	2.04919837515456	8.89966501849623E-6
1157	2.04918349130655	8.89838175925951E-6
1158	2.04916877586251	8.89712666348296E-6
1159	2.04915422830504	8.89589965377306E-6
1160	2.04913984811675	8.89470065273629E-6
1161	2.04912563478024	8.89352958297914E-6
1162	2.0491115877781	8.8923863671081E-6
1163	2.04909770659295	8.89127092772963E-6
1164	2.04908399070738	8.89018318745023E-6
1165	2.04907043960399	8.88912306887638E-6
1166	2.04905705276539	8.88809049461456E-6
1167	2.04904382967418	8.88708538727124E-6
1168	2.04903076981296	8.88610766945293E-6
1169	2.04901787266433	8.88515726376608E-6
1170	2.0490051377109	8.8842340928172E-6
1171	2.04899256443526	8.88333807921276E-6
1172	2.04898015232001	8.88246914555924E-6
1173	2.04896790084777	8.88162721446312E-6
1174	2.04895580950113	8.88081220853089E-6
1175	2.04894387776269	8.88002405036904E-6
1176	2.04893210511505	8.87926266258403E-6
1177	2.04892049104082	8.87852796778236E-6
1178	2.0489090350226	8.87781988857051E-6
1179	2.04889773654299	8.87713834755495E-6
1180	2.04888659508459	8.87648326734218E-6
1181	2.04887561013	8.87585457053868E-6
1182	2.04886478116183	8.87525217975091E-6
1183	2.04885410766268	8.87467601758538E-6
1184	2.04884358911514	8.87412600664856E-6
1185	2.04883322500183	8.87360206954693E-6
1186	2.04882301480534	8.87310412888698E-6
1187	2.04881295800827	8.87263210727518E-6
1188	2.04880305409323	8.87218592731803E-6
1189	2.04879330254282	8.87176551162199E-6
1190	2.04878370283964	8.87137078279356E-6
1191	2.04877425446628	8.87100166343922E-6
1192	2.04876495690537	8.87065807616545E-6
1193	2.04875580963948	8.87033994357873E-6
1194	2.04874681215124	8.87004718828555E-6
1195	2.04873796392323	8.86977973289238E-6
1196	2.04872926443807	8.86953750000571E-6
1197	2.04872071317834	8.86932041223202E-6
1198	2.04871230962667	8.86912839217779E-6
1199	2.04870405326563	8.86896136244951E-6
1200	2.04869594357785	8.86881924565366E-6
1201	2.04868798004591	8.86870196439672E-6
1202	2.04868016215243	8.86860944128517E-6
1203	2.04867248938	8.86854159892549E-6
1204	2.04866496121123	8.86849835992418E-6
1205	2.04865757712871	8.8684796468877E-6
1206	2.04865033661505	8.86848538242254E-6
1207	2.04864323915285	8.86851548913519E-6
1208	2.04863628422472	8.86856988963213E-6
1209	2.04862947131324	8.86864850651983E-6
1210	2.04862279990104	8.86875126240479E-6
1211	2.0486162694707	8.86887807989348E-6
1212	2.04860987950483	8.86902888159238E-6
1213	2.04860362948604	8.86920359010798E-6
1214	2.04859751889691	8.86940212804677E-6
1215	2.04859154722006	8.86962441801521E-6
1216	2.04858571393809	8.86987038261981E-6
1217	2.0485800185336	8.87013994446702E-6
1218	2.04857446048919	8.87043302616335E-6
1219	2.04856903928746	8.87074955031528E-6
1220	2.04856375441101	8.87108943952927E-6
1221	2.04855860534245	8.87145261641182E-6
1222	2.04855359156438	8.87183900356941E-6
1223	2.0485487125594	8.87224852360852E-6
1224	2.04854396781011	8.87268109913564E-6
1225	2.04853935679911	8.87313665275724E-6
1226	2.04853487900901	8.87361510707981E-6
1227	2.0485305339224	8.87411638470983E-6
1228	2.0485263210219	8.87464040825378E-6
1229	2.04852223979009	8.87518710031815E-6
1230	2.04851828970959	8.87575638350942E-6
1231	2.04851447026299	8.87634818043407E-6
1232	2.04851078093289	8.87696241369857E-6
1233	2.0485072212019	8.87759900590943E-6
1234	2.04850379055263	8.87825787967311E-6
1235	2.04850048846766	8.87893895759609E-6
1236	2.04849731442961	8.87964216228488E-6
1237	2.04849426792107	8.88036741634593E-6
1238	2.04849134842465	8.88111464238574E-6
1239	2.04848855542295	8.88188376301079E-6
1240	2.04848588839856	8.88267470082756E-6
1241	2.0484833468341	8.88348737844253E-6
1242	2.04848093021217	8.88432171846219E-6
1243	2.04847863801536	8.88517764349301E-6
1244	2.04847646972628	8.88605507614149E-6
1245	2.04847442482752	8.8869539390141E-6
1246	2.0484725028017	8.88787415471732E-6
1247	2.04847070313141	8.88881564585764E-6
1248	2.04846902529926	8.88977833504154E-6
1249	2.04846746878784	8.8907621448755E-6
1250	2.04846603307976	8.89176699796601E-6
1251	2.04846471765762	8.89279281691954E-6
1252	2.04846352200402	8.89383952434257E-6
1253	2.04846244560157	8.89490704284161E-6
1254	2.04846148793286	8.89599529502311E-6
1255	2.0484606484805	8.89710420349357E-6
1256	2.04845992672709	8.89823369085946E-6
1257	2.04845932215523	8.89938367972728E-6
1258	2.04845883424753	8.9005540927035E-6
1259	2.04845846248658	8.90174485239461E-6
1260	2.04845820635498	8.90295588140708E-6
1261	2.04845806533534	8.9041871023474E-6
1262	2.04845803891027	8.90543843782205E-6
1263	2.04845812656235	8.90670981043752E-6
1264	2.0484583277742	8.90800114280028E-6
1265	2.04845864202842	8.90931235751682E-6
1266	2.0484590688076	8.91064337719363E-6
1267	2.04845960759435	8.91199412443717E-6
1268	2.04846025787127	8.91336452185394E-6
1269	2.04846101912097	8.91475449205043E-6
1270	2.04846189082604	8.91616395763309E-6
1271	2.04846287246909	8.91759284120844E-6
1272	2.04846396353271	8.91904106538294E-6
1273	2.04846516349952	8.92050855276307E-6
1274	2.0484664718521	8.92199522595533E-6
1275	2.04846788807307	8.92350100756618E-6
1276	2.04846941164503	8.92502582020212E-6
1277	2.04847104205057	8.92656958646963E-6
1278	2.04847277877231	8.92813222897519E-6
1279	2.04847462129283	8.92971367032527E-6
1280	2.04847656909475	8.93131383312637E-6
1281	2.04847862166066	8.93293263998497E-6
1282	2.04848077847316	8.93457001350755E-6
1283	2.04848303901487	8.93622587630058E-6
1284	2.04848540276838	8.93790015097056E-6
1285	2.04848786921628	8.93959276012396E-6
1286	2.04849043784119	8.94130362636727E-6
1287	2.04849310812571	8.94303267230697E-6
1288	2.04849587955243	8.94477982054955E-6
1289	2.04849875160397	8.94654499370147E-6
1290	2.04850172376291	8.94832811436924E-6
1291	2.04850479551187	8.95012910515932E-6
1292	2.04850796633344	8.9519478886782E-6
1293	2.04851123571022	8.95378438753237E-6
1294	2.04851460312483	8.9556385243283E-6
1295	2.04851806805985	8.95751022167248E-6
1296	2.0485216299979	8.9593994021714E-6
1297	2.04852528842157	8.96130598843152E-6
1298	2.04852904281347	8.96322990305934E-6
1299	2.04853289265619	8.96517106866134E-6
1300	2.04853683743234	8.967129407844E-6
1301	2.04854087662452	8.9691048432138E-6
1302	2.04854500971534	8.97109729737722E-6
1303	2.04854923618739	8.97310669294075E-6
1304	2.04855355552327	8.97513295251087E-6
1305	2.0485579672056	8.97717599869407E-6
1306	2.04856247071696	8.97923575409681E-6
1307	2.04856706553997	8.98131214132559E-6
1308	2.04857175115721	8.98340508298689E-6
1309	2.04857652705131	8.9855145016872E-6
1310	2.04858139270485	8.98764032003298E-6
1311	2.04858634760044	8.98978246063073E-6
1312	2.04859139122068	8.99194084608692E-6
1313	2.04859652304817	8.99411539900805E-6
1314	2.04860174256552	8.99630604200059E-6
1315	2.04860704925532	8.99851269767102E-6
1316	2.04861244260018	9.00073528862584E-6
1317	2.04861792208271	9.00297373747151E-6
1318	2.04862348718549	9.00522796681452E-6
1319	2.04862913739113	9.00749789926135E-6
1320	2.04863487218225	9.0097834574185E-6
1321	2.04864069104142	9.01208456389243E-6
1322	2.04864659345127	9.01440114128963E-6
1323	2.04865257889439	9.01673311221658E-6
1324	2.04865864685338	9.01908039927977E-6
1325	2.04866479681084	9.02144292508568E-6
1326	2.04867102824938	9.02382061224079E-6
1327	2.0486773406516	9.02621338335158E-6
1328	2.0486837335001	9.02862116102454E-6
1329	2.04869020627748	9.03104386786614E-6
1330	2.04869675846634	9.03348142648287E-6
1331	2.04870338954929	9.03593375948121E-6
1332	2.04871009900892	9.03840078946765E-6
1333	2.04871688632785	9.04088243904866E-6
1334	2.04872375098866	9.04337863083074E-6
1335	2.04873069247396	9.04588928742035E-6
1336	2.04873771026636	9.04841433142399E-6
1337	2.04874480384846	9.05095368544813E-6
1338	2.04875197270285	9.05350727209926E-6
1339	2.04875921631215	9.05607501398386E-6
1340	2.04876653415894	9.05865683370842E-6
1341	2.04877392572584	9.06125265387941E-6
1342	2.04878139049544	9.06386239710331E-6
1343	2.04878892795035	9.06648598598662E-6
1344	2.04879653757317	9.06912334313581E-6
1345	2.0488042188465	9.07177439115736E-6
1346	2.04881197125294	9.07443905265776E-6
1347	2.0488197942751	9.07711725024348E-6
1348	2.04882768739557	9.07980890652102E-6
1349	2.04883565009695	9.08251394409685E-6
1350	2.04884368186186	9.08523228557746E-6
1351	2.04885178217289	9.08796385356932E-6
1352	2.04885995051264	9.09070857067893E-6
1353	2.04886818636372	9.09346635951276E-6
1354	2.04887648920873	9.09623714267729E-6
1355	2.04888485853026	9.09902084277901E-6
1356	2.04889329381092	9.1018173824244E-6
1357	2.04890179453332	9.10462668421995E-6
1358	2.04891036018004	9.10744867077212E-6
1359	2.04891899023371	9.11028326468742E-6
1360	2.04892768417691	9.11313038857231E-6
1361	2.04893644149225	9.11598996503328E-6
1362	2.04894526166234	9.11886191667682E-6
1363	2.04895414416976	9.12174616610941E-6
1364	2.04896308849713	9.12464263593752E-6
1365	2.04897209412705	9.12755124876764E-6
1366	2.04898116054211	9.13047192720626E-6
1367	2.04899028722493	9.13340459385984E-6
1368	2.0489994736581	9.13634917133489E-6
1369	2.04900871932422	9.13930558223788E-6
1370	2.0490180237059	9.14227374917529E-6
1371	2.04902738628573	9.14525359475361E-6
1372	2.04903680654633	9.14824504157931E-6
1373	2.04904628397028	9.15124801225888E-6
1374	2.0490558180402	9.1542624293988E-6
1375	2.04906540823868	9.15728821560556E-6
1376	2.04907505404833	9.16032529348563E-6
1377	2.04908475495175	9.1633735856455E-6
1378	2.04909451043154	9.16643301469165E-6
1379	2.0491043199703	9.16950350323056E-6
1380	2.04911418305063	9.17258497386872E-6
1381	2.04912409915514	9.17567734921261E-6
1382	2.04913406776643	9.17878055186871E-6
1383	2.0491440883671	9.1818945044435E-6
1384	2.04915416043974	9.18501912954346E-6
1385	2.04916428346697	9.18815434977508E-6
1386	2.04917445693139	9.19130008774484E-6
1387	2.04918468031559	9.19445626605922E-6
1388	2.04919495310218	9.19762280732471E-6
1389	2.04920527477376	9.20079963414778E-6
1390	2.04921564481293	9.20398666913492E-6
1391	2.04922606270229	9.20718383489261E-6
1392	2.04923652792445	9.21039105402734E-6
1393	2.04924703996201	9.21360824914558E-6
1394	2.04925759829757	9.21683534285382E-6
1395	2.04926820241373	9.22007225775853E-6
1396	2.04927885179309	9.22331891646621E-6
1397	2.04928954591825	9.22657524158334E-6
1398	2.04930028427182	9.22984115571639E-6
1399	2.0493110663364	9.23311658147185E-6
1400	2.04932189159459	9.23640144145621E-6
1401	2.04933275952899	9.23969565827593E-6
1402	2.04934366962221	9.24299915453752E-6
1403	2.04935462135684	9.24631185284744E-6
1404	2.04936561421549	9.24963367581218E-6
1405	2.04937664768075	9.25296454603823E-6
1406	2.04938772123524	9.25630438613206E-6
1407	2.04939883436155	9.25965311870016E-6
1408	2.04940998654229	9.26301066634901E-6
1409	2.04942117726005	9.2663769516851E-6
1410	2.04943240599743	9.26975189731489E-6
1411	2.04944367223705	9.27313542584489E-6
1412	2.0494549754615	9.27652745988156E-6
1413	2.04946631515339	9.2799279220314E-6
1414	2.04947769079531	9.28333673490088E-6
1415	2.04948910186986	9.28675382109649E-6
1416	2.04950054785966	9.29017910322471E-6
1417	2.0495120282473	9.29361250389201E-6
1418	2.04952354251537	9.29705394570489E-6
1419	2.0495350901465	9.30050335126983E-6
1420	2.04954667062327	9.30396064319331E-6
1421	2.04955828342828	9.3074257440818E-6
1422	2.04956992804415	9.3108985765418E-6
1423	2.04958160395347	9.31437906317978E-6
1424	2.04959331063884	9.31786712660223E-6
1425	2.04960504758287	9.32136268941563E-6
1426	2.04961681426815	9.32486567422646E-6
1427	2.0496286101773	9.32837600364121E-6
1428	2.0496404347929	9.33189360026635E-6
1429	2.04965228759757	9.33541838670838E-6
1430	2.0496641680739	9.33895028557376E-6
1431	2.04967607570449	9.34248921946899E-6
1432	2.04968800997196	9.34603511100054E-6
1433	2.04969997035889	9.3495878827749E-6
1434	2.0497119563479	9.35314745739855E-6
1435	2.04972396742158	9.35671375747798E-6
1436	2.04973600306253	9.36028670561965E-6
1437	2.04974806275336	9.36386622443007E-6
1438	2.04976014597667	9.36745223651571E-6
1439	2.04977225221507	9.37104466448305E-6
1440	2.04978438095114	9.37464343093857E-6
1441	2.0497965316675	9.37824845848876E-6
1442	2.04980870384674	9.3818596697401E-6
1443	2.04982089697147	9.38547698729907E-6
1444	2.04983311052429	9.38910033377216E-6
1445	2.0498453439878	9.39272963176584E-6
1446	2.04985759684461	9.3963648038866E-6
1447	2.04986986857731	9.40000577274091E-6
1448	2.04988215866851	9.40365246093528E-6
1449	2.0498944666008	9.40730479107617E-6
1450	2.0499067918568	9.41096268577006E-6
1451	2.0499191339191	9.41462606762345E-6
1452	2.0499314922703	9.4182948592428E-6
1453	2.04994386639301	9.42196898323462E-6
1454	2.04995625576983	9.42564836220537E-6
1455	2.04996865988335	9.42933291876154E-6
1456	2.04998107821619	9.43302257550961E-6
1457	2.04999351025094	9.43671725505606E-6
1458	2.05000595547021	9.44041688000738E-6
1459	2.05001841335659	9.44412137297005E-6
1460	2.05003088339269	9.44783065655055E-6
1461	2.05004336506111	9.45154465335536E-6
1462	2.05005585784445	9.45526328599097E-6
1463	2.05006836122532	9.45898647706386E-6
1464	2.05008087468631	9.4627141491805E-6
1465	2.05009339771004	9.46644622494739E-6
1466	2.05010592977909	9.47018262697101E-6
1467	2.05011847037607	9.47392327785783E-6
1468	2.05013101898358	9.47766810021434E-6
1469	2.05014357508423	9.48141701664702E-6
1470	2.05015613816062	9.48516994976235E-6
1471	2.05016870769534	9.48892682216683E-6
1472	2.05018128317101	9.49268755646692E-6
1473	2.05019386407022	9.49645207526911E-6
1474	2.05020644987557	9.50022030117988E-6
1475	2.05021904006966	9.50399215680572E-6
1476	2.05023163413511	9.50776756475311E-6
1477	2.0502442315545	9.51154644762853E-6
1478	2.05025683181045	9.51532872803846E-6
1479	2.05026943438555	9.51911432858939E-6
1480	2.0502820387624	9.52290317188779E-6
1481	2.05029464442361	9.52669518054015E-6
1482	2.05030725085178	9.53049027715296E-6
1483	2.0503198575295	9.53428838433269E-6
1484	2.05033246393939	9.53808942468582E-6
1485	2.05034506956405	9.54189332081885E-6
1486	2.05035767388607	9.54569999533824E-6
1487	2.05037027638806	9.54950937085049E-6
1488	2.05038287655261	9.55332136996208E-6
1489	2.05039547386234	9.55713591527948E-6
1490	2.05040806779984	9.56095292940918E-6
1491	2.05042065784771	9.56477233495767E-6
1492	2.05043324348857	9.56859405453142E-6
1493	2.050445824205	9.57241801073692E-6
1494	2.05045839947961	9.57624412618064E-6
1495	2.050470968795	9.58007232346908E-6
1496	2.05048353163377	9.58390252520872E-6
1497	2.05049608747854	9.58773465400603E-6
1498	2.05050863581188	9.5915686324675E-6
1499	2.05052117611642	9.59540438319961E-6
1500	2.05053370787475	9.59924182880884E-6
1501	2.05054623056947	9.60308089190169E-6
1502	2.05055874368319	9.60692149508462E-6
1503	2.0505712466985	9.61076356096411E-6
1504	2.05058373909801	9.61460701214666E-6
1505	2.05059622036432	9.61845177123875E-6
1506	2.05060868998004	9.62229776084686E-6
1507	2.05062114742775	9.62614490357746E-6
1508	2.05063359219007	9.62999312203705E-6
1509	2.0506460237496	9.6338423388321E-6
1510	2.05065844158894	9.6376924765691E-6
1511	2.05067084519069	9.64154345785452E-6
1512	2.05068323403745	9.64539520529486E-6
1513	2.05069560761183	9.6492476414966E-6
1514	2.05070796539642	9.6531006890662E-6
1515	2.05072030687383	9.65695427061017E-6
1516	2.05073263152666	9.66080830873498E-6
1517	2.05074493883752	9.6646627260471E-6
1518	2.05075722828899	9.66851744515304E-6
1519	2.0507694993637	9.67237238865927E-6
1520	2.05078175154422	9.67622747917226E-6
1521	2.05079398431318	9.6800826392985E-6
1522	2.05080619715317	9.68393779164448E-6
1523	2.05081838954679	9.68779285881668E-6
1524	2.05083056097665	9.69164776342158E-6
1525	2.05084271092534	9.69550242806565E-6
1526	2.05085483887547	9.6993567753554E-6
1527	2.05086694430964	9.70321072789728E-6
1528	2.05087902671045	9.7070642082978E-6
1529	2.05089108556051	9.71091713916343E-6
1530	2.05090312034241	9.71476944310065E-6
1531	2.05091513053875	9.71862104271594E-6
1532	2.05092711563215	9.72247186061579E-6
1533	2.0509390751052	9.72632181940669E-6
1534	2.0509510084405	9.7301708416951E-6
1535	2.05096291512065	9.73401885008753E-6
1536	2.05097479462826	9.73786576719043E-6
1537	2.05098664644593	9.74171151561031E-6
1538	2.05099847005626	9.74555601795364E-6
1539	2.05101026494185	9.7493991968269E-6
1540	2.0510220305853	9.75324097483658E-6
1541	2.05103376646922	9.75708127458916E-6
1542	2.0510454720762	9.76092001869112E-6
1543	2.05105714688886	9.76475712974894E-6
1544	2.05106879038978	9.7685925303691E-6
1545	2.05108040206158	9.7724261431581E-6
1546	2.05109198138685	9.77625789072241E-6
1547	2.0511035278482	9.7800876956685E-6
1548	2.05111504092822	9.78391548060287E-6
1549	2.05112652010953	9.78774116813201E-6
1550	2.05113796487472	9.79156468086238E-6
1551	2.05114937470639	9.79538594140047E-6
1552	2.05116074908714	9.79920487235276E-6
1553	2.05117208749958	9.80302139632575E-6
1554	2.05118338942631	9.8068354359259E-6
1555	2.05119465434993	9.8106469137597E-6
1556	2.05120588175305	9.81445575243364E-6
1557	2.05121707111826	9.81826187455419E-6
1558	2.05122822192816	9.82206520272784E-6
1559	2.05123933366536	9.82586565956106E-6
1560	2.05125040581246	9.82966316766036E-6
1561	2.05126143785207	9.83345764963219E-6
1562	2.05127242926677	9.83724902808306E-6
1563	2.05128337953918	9.84103722561943E-6
1564	2.0512942881519	9.8448221648478E-6
1565	2.05130515458753	9.84860376837464E-6
1566	2.05131597832866	9.85238195880644E-6
1567	2.05132675885791	9.85615665874967E-6
1568	2.05133749565787	9.85992779081083E-6
1569	2.05134818821115	9.86369527759639E-6
1570	2.05135883600035	9.86745904171284E-6
1571	2.05136943850807	9.87121900576665E-6
1572	2.0513799952169	9.87497509236432E-6
1573	2.05139050560947	9.87872722411232E-6
1574	2.05140096916835	9.88247532361713E-6
1575	2.05141138537616	9.88621931348524E-6
1576	2.0514217537155	9.88995911632313E-6
1577	2.05143207366898	9.89369465473728E-6
1578	2.05144234471918	9.89742585133418E-6
1579	2.05145256634872	9.9011526287203E-6
1580	2.05146273804019	9.90487490950214E-6
1581	2.0514728592762	9.90859261628616E-6
1582	2.05148292953935	9.91230567167886E-6
1583	2.05149294831224	9.91601399828672E-6
1584	2.05150291507748	9.91971751871621E-6
1585	2.05151282931766	9.92341615557382E-6
1586	2.05152269051538	9.92710983146604E-6
1587	2.05153249815326	9.93079846899934E-6
1588	2.05154225171388	9.93448199078021E-6
1589	2.05155195067986	9.93816031941513E-6
1590	2.05156159453379	9.94183337751058E-6
1591	2.05157118275828	9.94550108767304E-6
1592	2.05158071483592	9.94916337250901E-6
1593	2.05159019024933	9.95282015462495E-6
1594	2.05159960848109	9.95647135662735E-6
1595	2.05160896901382	9.9601169011227E-6
1596	2.05161827133011	9.96375671071747E-6
1597	2.05162751491257	9.96739070801816E-6
1598	2.0516366992438	9.97101881563123E-6
1599	2.0516458238064	9.97464095616318E-6
1600	2.05165488808297	9.97825705222048E-6
1601	2.05166389155611	9.98186702640962E-6
1602	2.05167283370843	9.98547080133708E-6
1603	2.05168171402252	9.98906829960933E-6
1604	2.051690531981	9.99265944383288E-6
1605	2.05169928706646	9.99624415661419E-6
1606	2.0517079787615	9.99982236055976E-6
1607	2.05171660654872	1.00033939782761E-5
1608	2.05172516991073	1.00069589323696E-5
1609	2.05173366833013	1.00105171454468E-5
1610	2.05174210128952	1.00140685401141E-5
1611	2.0517504682715	1.00176130389782E-5
1612	2.05175876875868	1.00211505646454E-5
1613	2.05176700223365	1.00246810397222E-5
1614	2.05177516817901	1.00282043868151E-5
1615	2.05178326607738	1.00317205285306E-5
1616	2.05179129541135	1.00352293874752E-5
1617	2.05179925566352	1.00387308862553E-5
1618	2.0518071463165	1.00422249474775E-5
1619	2.05181496685288	1.00457114937482E-5
1620	2.05182271675527	1.00491904476739E-5
1621	2.05183039550627	1.00526617318611E-5
1622	2.05183800258848	1.00561252689162E-5
1623	2.05184553748451	1.00595809814458E-5
1624	2.05185299967695	1.00630287920564E-5
1625	2.0518603886484	1.00664686233543E-5
1626	2.05186770388148	1.00699003979461E-5
1627	2.05187494485878	1.00733240384384E-5
1628	2.0518821110629	1.00767394674374E-5
1629	2.05188920197645	1.00801466075498E-5
1630	2.05189621708202	1.00835453813821E-5
1631	2.05190315586222	1.00869357115406E-5
1632	2.05191001779965	1.0090317520632E-5
1633	2.05191680237691	1.00936907312626E-5
1634	2.0519235090766	1.0097055266039E-5
1635	2.05193013738133	1.01004110475676E-5
1636	2.0519366867737	1.01037579984549E-5
1637	2.05194315673631	1.01070960413074E-5
1638	2.05194954675176	1.01104250987316E-5
1639	2.05195585630265	1.0113745093334E-5
1640	2.05196208487158	1.0117055947721E-5
1641	2.05196823194116	1.01203575844992E-5
1642	2.05197429699399	1.01236499262749E-5
1643	2.05198027951267	1.01269328956548E-5
1644	2.0519861789798	1.01302064152452E-5
1645	2.05199199487798	1.01334704076527E-5
1646	2.05199772668982	1.01367247954837E-5
1647	2.05200337389792	1.01399695013448E-5
1648	2.05200893598487	1.01432044478424E-5
1649	2.05201441243329	1.01464295575829E-5
1650	2.05201980272576	1.0149644753173E-5
1651	2.05202510634491	1.01528499572189E-5
1652	2.05203032277332	1.01560450923274E-5
1653	2.05203545149359	1.01592300811047E-5
1654	2.05204049198834	1.01624048461574E-5
1655	2.05204544374016	1.01655693100921E-5
1656	2.05205030623165	1.0168723395515E-5
1657	2.05205507894541	1.01718670250329E-5
1658	2.05205976136406	1.0175000121252E-5
1659	2.05206435297018	1.0178122606779E-5
1660	2.05206885324638	1.01812344042203E-5
1661	2.05207326167527	1.01843354361823E-5
1662	2.05207757773944	1.01874256252716E-5
1663	2.05208180092149	1.01905048940947E-5
1664	2.05208593070404	1.0193573165258E-5
1665	2.05208996656967	1.01966303613679E-5
1666	2.05209390800099	1.01996764050311E-5
1667	2.05209775448061	1.02027112188539E-5
1668	2.05210150549112	1.02057347254429E-5
1669	2.05210516051513	1.02087468474046E-5
1670	2.05210871903524	1.02117475073453E-5
1671	2.05211218053405	1.02147366278717E-5
1672	2.05211554449416	1.02177141315901E-5
1673	2.05211881039818	1.02206799411071E-5
1674	2.0521219777287	1.02236339790291E-5
1675	2.05212504596833	1.02265761679627E-5
1676	2.05212801459967	1.02295064305142E-5
1677	2.05213088310532	1.02324246892903E-5
1678	2.05213365096788	1.02353308668974E-5
1679	2.05213631766996	1.02382248859419E-5
1680	2.05213888269416	1.02411066690303E-5
1681	2.05214134552307	1.02439761387692E-5
1682	2.05214370563931	1.0246833217765E-5
1683	2.05214596252546	1.02496778286241E-5
1684	2.05214811566414	1.02525098939532E-5
1685	2.05215016453795	1.02553293363586E-5
1686	2.05215210862948	1.02581360784468E-5
1687	2.05215394742135	1.02609300428243E-5
1688	2.05215568039614	1.02637111520977E-5
1689	2.05215730703647	1.02664793288733E-5
1690	2.05215882682493	1.02692344957577E-5
1691	2.05216023924413	1.02719765753573E-5
1692	2.05216154377667	1.02747054902787E-5
1693	2.05216273990515	1.02774211631282E-5
1694	2.05216382711217	1.02801235165125E-5
1695	2.05216480488034	1.02828124730379E-5
1696	2.05216567269225	1.0285487955311E-5
1697	2.05216643003051	1.02881498859383E-5
1698	2.05216707637771	1.02907981875261E-5
1699	2.05216761121647	1.02934327826811E-5
1700	2.05216803402938	1.02960535940097E-5
1701	2.05216834429905	1.02986605441183E-5
1702	2.05216854150807	1.03012535556135E-5
1703	2.05216862513906	1.03038325511017E-5
1704	2.0521685946746	1.03063974531894E-5
1705	2.0521684495973	1.03089481844831E-5
1706	2.05216818938977	1.03114846675893E-5
1707	2.0521678135346	1.03140068251145E-5
1708	2.05216732151441	1.03165145796651E-5
1709	2.05216671281178	1.03190078538477E-5
1710	2.05216598690932	1.03214865702686E-5
1711	2.05216514328963	1.03239506515345E-5
1712	2.05216418143532	1.03264000202517E-5
1713	2.05216310082899	1.03288345990268E-5
1714	2.05216190095323	1.03312543104662E-5
1715	2.05216058129066	1.03336590771764E-5
1716	2.05215914132386	1.0336048821764E-5
1717	2.05215758053545	1.03384234668353E-5
1718	2.05215589840803	1.03407829349969E-5
1719	2.05215409442419	1.03431271488552E-5
1720	2.05215216806654	1.03454560310168E-5
1721	2.05215011881769	1.03477695040881E-5
1722	2.05214794616023	1.03500674906756E-5
1723	2.05214564957676	1.03523499133858E-5
1724	2.05214322854988	1.03546166948252E-5
1725	2.05214068256221	1.03568677576002E-5
1726	2.05213801109634	1.03591030243173E-5
1727	2.05213521363486	1.0361322417583E-5
1728	2.0521322896604	1.03635258600038E-5
1729	2.05212923865553	1.03657132741862E-5
1730	2.05212606010288	1.03678845827367E-5
1731	2.05212275348503	1.03700397082617E-5
1732	2.05211931828459	1.03721785733677E-5
1733	2.05211575398417	1.03743011006612E-5
1734	2.05211206006636	1.03764072127487E-5
1735	2.05210823601377	1.03784968322366E-5
1736	2.052104281309	1.03805698817316E-5
1737	2.05210019543464	1.03826262838399E-5
1738	2.05209597787331	1.03846659611682E-5
1739	2.0520916281076	1.03866888363229E-5
1740	2.05208714562012	1.03886948319104E-5
1741	2.05208252989347	1.03906838705373E-5
1742	2.05207778041024	1.03926558748101E-5
1743	2.05207289665304	1.03946107673351E-5
1744	2.05206787810448	1.0396548470719E-5
1745	2.05206272424715	1.03984689075682E-5
1746	2.05205743456366	1.04003720004892E-5
1747	2.05205200853661	1.04022576720884E-5
1748	2.05204644564859	1.04041258449723E-5
1749	2.05204074538222	1.04059764417475E-5
1750	2.05203490722009	1.04078093850204E-5
1751	2.05202893064481	1.04096245973974E-5
1752	2.05202281513897	1.04114220014852E-5
1753	2.05201656018518	1.041320151989E-5
1754	2.05201016526605	1.04149630752186E-5
1755	2.05200362986416	1.04167065900772E-5
1756	2.05199695346213	1.04184319870724E-5
1757	2.05199013554256	1.04201391888107E-5
1758	2.05198317558804	1.04218281178986E-5
1759	2.05197607308119	1.04234986969425E-5
1760	2.0519688275046	1.04251508485489E-5
1761	2.05196143834086	1.04267844953244E-5
1762	2.0519539050726	1.04283995598753E-5
1763	2.0519462271824	1.04299959648082E-5
1764	2.05193840415287	1.04315736327296E-5
1765	2.05193043546661	1.04331324862459E-5
1766	2.05192232060623	1.04346724479636E-5
1767	2.05191405905431	1.04361934404892E-5
1768	2.05190565029348	1.04376953864292E-5
1769	2.05189709380632	1.04391782083901E-5
1770	2.05188838907544	1.04406418289783E-5
1771	2.05187953558345	1.04420861708004E-5
1772	2.05187053281293	1.04435111564628E-5
1773	2.05186138024651	1.04449167085719E-5
1774	2.05185207736676	1.04463027497344E-5
1775	2.05184262365631	1.04476692025566E-5
1776	2.05183301859775	1.0449015989645E-5
1777	2.05182326167368	1.04503430336062E-5
1778	2.05181335236671	1.04516502570466E-5
1779	2.05180329015943	1.04529375825727E-5
1780	2.05179307453445	1.04542049327909E-5
1781	2.05178270497436	1.04554522303078E-5
1782	2.05177218096178	1.04566793977299E-5
1783	2.05176150197931	1.04578863576635E-5
1784	2.05175066750954	1.04590730327153E-5
1785	2.05173967703507	1.04602393454916E-5
1786	2.05172853003851	1.04613852185991E-5
1787	2.05171722600247	1.0462510574644E-5
1788	2.05170576440954	1.0463615336233E-5
1789	2.05169414474232	1.04646994259725E-5
1790	2.05168236648341	1.0465762766469E-5
1791	2.05167042911543	1.0466805280329E-5
1792	2.05165833212096	1.04678268901589E-5
1793	2.05164607498262	1.04688275185653E-5
1794	2.051633657183	1.04698070881546E-5
1795	2.0516210782047	1.04707655215334E-5
1796	2.05160833753033	1.0471702741308E-5
1797	2.05159543464249	1.0472618670085E-5
1798	2.05158236902378	1.04735132304708E-5
1799	2.0515691401568	1.0474386345072E-5
1800	2.05155574752416	1.0475237936495E-5
1801	2.05154219060845	1.04760679273462E-5
1802	2.05152846889228	1.04768762402323E-5
1803	2.05151458185824	1.04776627977597E-5
1804	2.05150052898895	1.04784275225348E-5
1805	2.05148630976701	1.04791703371641E-5
1806	2.05147192367501	1.04798911642541E-5
1807	2.05145737019555	1.04805899264113E-5
1808	2.05144264881124	1.04812665462423E-5
1809	2.05142775900469	1.04819209463533E-5
1810	2.05141270025848	1.0482553049351E-5
1811	2.05139747205523	1.04831627778419E-5
1812	2.05138207387754	1.04837500544323E-5
1813	2.051366505208	1.04843148017288E-5
1814	2.05135076552922	1.04848569423379E-5
1815	2.05133485432381	1.04853763988661E-5
1816	2.05131877107435	1.04858730939198E-5
1817	2.05130251526346	1.04863469501055E-5
1818	2.05128608637374	1.04867978900297E-5
1819	2.05126948388779	1.04872258362989E-5
1820	2.0512527072882	1.04876307115196E-5
1821	2.05123575605759	1.04880124382982E-5
1822	2.05121862967856	1.04883709392412E-5
1823	2.05120132763369	1.04887061369552E-5
1824	2.05118384940561	1.04890179540465E-5
1825	2.05116619447691	1.04893063131218E-5
1826	2.05114836233018	1.04895711367873E-5
1827	2.05113035244804	1.04898123476498E-5
1828	2.05111216431308	1.04900298683155E-5
1829	2.05109379740791	1.04902236213911E-5
1830	2.05107525121513	1.04903935294829E-5
1831	2.05105652521734	1.04905395151975E-5
1832	2.05103761889714	1.04906615011414E-5
1833	2.05101853173714	1.0490759409921E-5
1834	2.05099926321993	1.04908331641428E-5
1835	2.05097981282811	1.04908826864133E-5
1836	2.0509601800443	1.0490907899339E-5
1837	2.05094036435109	1.04909087255264E-5
1838	2.05092036523108	1.04908850875819E-5
1839	2.05090018216687	1.04908369081121E-5
1840	2.05087981464108	1.04907641097233E-5
1841	2.05085926213629	1.04906666150222E-5
1842	2.05083852413511	1.04905443466151E-5
1843	2.05081760012014	1.04903972271086E-5
1844	2.05079648957398	1.04902251791091E-5
1845	2.05077519197924	1.04900281252232E-5
1846	2.05075370681852	1.04898059880573E-5
1847	2.05073203357442	1.04895586902178E-5
1848	2.05071017172954	1.04892861543113E-5
1849	2.05068812076648	1.04889883029443E-5
1850	2.05066588016784	1.04886650587232E-5
1851	2.05064344941624	1.04883163442545E-5
1852	2.05062082799426	1.04879420821447E-5
1853	2.05059801538451	1.04875421950003E-5
1854	2.05057501106959	1.04871166054278E-5
1855	2.0505518145321	1.04866652360336E-5
1856	2.05052842525466	1.04861880094243E-5
1857	2.05050484271984	1.04856848482062E-5
1858	2.05048106641027	1.0485155674986E-5
1859	2.05045709580854	1.048460041237E-5
1860	2.05043293039725	1.04840189829648E-5
1861	2.050408569659	1.04834113093768E-5
1862	2.05038401307641	1.04827773142126E-5
1863	2.05035926013206	1.04821169200785E-5
1864	2.05033431030855	1.04814300495812E-5
1865	2.05030916308851	1.0480716625327E-5
1866	2.05028381795451	1.04799765699224E-5
1867	2.05025827438917	1.0479209805974E-5
1868	2.05023253187509	1.04784162560882E-5
1869	2.05020658989486	1.04775958428715E-5
1870	2.0501804479311	1.04767484889304E-5
1871	2.0501541054664	1.04758741168714E-5
1872	2.05012756198336	1.04749726493009E-5
1873	2.05010081696459	1.04740440088254E-5
1874	2.05007386989269	1.04730881180515E-5
1875	2.05004672025026	1.04721048995855E-5
1876	2.0500193675199	1.0471094276034E-5
1877	2.04999181118421	1.04700561700035E-5
1878	2.0499640507258	1.04689905041004E-5
1879	2.04993608562726	1.04678972009312E-5
1880	2.04990791537121	1.04667761831025E-5
1881	2.04987953944023	1.04656273732206E-5
1882	2.04985095731694	1.04644506938921E-5
1883	2.04982216848393	1.04632460677234E-5
1884	2.04979317242381	1.04620134173211E-5
1885	2.04976396861917	1.04607526652916E-5
1886	2.04973455655263	1.04594637342414E-5
1887	2.04970493570677	1.0458146546777E-5
1888	2.04967510556421	1.04568010255048E-5
1889	2.04964506560755	1.04554270930314E-5
1890	2.04961481531938	1.04540246719632E-5
1891	2.04958435418231	1.04525936849067E-5
1892	2.04955368167894	1.04511340544684E-5
1893	2.04952279729187	1.04496457032548E-5
1894	2.04949170050371	1.04481285538724E-5
1895	2.04946039079706	1.04465825289275E-5
1896	2.04942886765451	1.04450075510268E-5
1897	2.04939713055867	1.04434035427767E-5
1898	2.04936517899214	1.04417704267837E-5
1899	2.04933301243753	1.04401081256543E-5
1900	2.04930063037743	1.04384165619949E-5
1901	2.04926803229445	1.04366956584121E-5
1902	2.04923521767118	1.04349453375122E-5
1903	2.04920218599024	1.04331655219019E-5
1904	2.04916893673422	1.04313561341875E-5
1905	2.04913546938572	1.04295170969756E-5
1906	2.04910178342735	1.04276483328727E-5
1907	2.04906787834171	1.04257497644852E-5
1908	2.0490337536114	1.04238213144196E-5
1909	2.04899940871901	1.04218629052823E-5
1910	2.04896484314716	1.041987445968E-5
1911	2.04893005637845	1.0417855900219E-5
1912	2.04889504789547	1.04158071495058E-5
1913	2.04885981718083	1.0413728130147E-5
1914	2.04882436371714	1.0411618764749E-5
1915	2.04878868698698	1.04094789759183E-5
1916	2.04875278647297	1.04073086862613E-5
1917	2.0487166616577	1.04051078183846E-5
1918	2.04868031202378	1.04028762948946E-5
1919	2.04864373705381	1.04006140383978E-5
1920	2.0486069362304	1.03983209715007E-5
1921	2.04856990903613	1.03959970168098E-5
1922	2.04853265495362	1.03936420969316E-5
1923	2.04849517346547	1.03912561344725E-5
1924	2.04845746405427	1.0388839052039E-5
1925	2.04841952620264	1.03863907722377E-5
1926	2.04838135939317	1.03839112176749E-5
1927	2.04834296310846	1.03814003109572E-5
1928	2.04830433683112	1.03788579746911E-5
1929	2.04826548004374	1.0376284131483E-5
1930	2.04822639222893	1.03736787039394E-5
1931	2.0481870728693	1.03710416146668E-5
1932	2.04814752144744	1.03683727862717E-5
1933	2.04810773744595	1.03656721413606E-5
1934	2.04806772034744	1.03629396025399E-5
1935	2.04802746963451	1.03601750924162E-5
1936	2.04798698478976	1.03573785335959E-5
1937	2.04794626529579	1.03545498486855E-5
1938	2.0479053106352	1.03516889602914E-5
1939	2.0478641202906	1.03487957910202E-5
1940	2.04782269374459	1.03458702634784E-5
1941	2.04778103047977	1.03429123002724E-5
1942	2.04773912997874	1.03399218240087E-5
1943	2.0476969917241	1.03368987572937E-5
1944	2.04765461519845	1.03338430227341E-5
1945	2.0476119998844	1.03307545429362E-5
1946	2.04756914526455	1.03276332405065E-5
1947	2.0475260508215	1.03244790380516E-5
1948	2.04748271603786	1.03212918581779E-5
1949	2.04743914039621	1.03180716234918E-5
1950	2.04739532337917	1.03148182566E-5
1951	2.04735126446934	1.03115316801087E-5
1952	2.04730696314932	1.03082118166246E-5
1953	2.04726241890171	1.03048585887542E-5
1954	2.04721763120911	1.03014719191038E-5
1955	2.04717259955413	1.029805173028E-5
1956	2.04712732341936	1.02945979448892E-5
1957	2.04708180228741	1.0291110485538E-5
1958	2.04703603564089	1.02875892748328E-5
1959	2.04699002296238	1.02840342353802E-5
1960	2.0469437637345	1.02804452897865E-5
1961	2.04689725743984	1.02768223606583E-5
1962	2.04685050356101	1.0273165370602E-5
1963	2.04680350158061	1.02694742422242E-5
1964	2.04675625098123	1.02657488981313E-5
1965	2.0467087512455	1.02619892609298E-5
1966	2.04666100185599	1.02581952532262E-5
1967	2.04661300229533	1.02543667976269E-5
1968	2.0465647520461	1.02505038167385E-5
1969	2.04651625059091	1.02466062331675E-5
1970	2.04646749741236	1.02426739695202E-5
1971	2.04641849199306	1.02387069484033E-5
1972	2.0463692338156	1.02347050924231E-5
1973	2.04631972236259	1.02306683241862E-5
1974	2.04626995711663	1.0226596566299E-5
1975	2.04621993756032	1.0222489741368E-5
1976	2.04616966317626	1.02183477719998E-5
1977	2.04611913344706	1.02141705808007E-5
1978	2.04606834785531	1.02099580903774E-5
1979	2.04601730588362	1.02057102233361E-5
1980	2.04596600701459	1.02014269022835E-5
1981	2.04591445073082	1.01971080498261E-5
1982	2.04586263651492	1.01927535885702E-5
1983	2.04581056384948	1.01883634411224E-5
1984	2.0457582322171	1.01839375300892E-5
1985	2.0457056411004	1.0179475778077E-5
1986	2.04565278998197	1.01749781076924E-5
1987	2.04559967834441	1.01704444415417E-5
1988	2.04554630567032	1.01658747022316E-5
1989	2.04549267144231	1.01612688123684E-5
1990	2.04543877514298	1.01566266945587E-5
1991	2.04538461625493	1.0151948271409E-5
1992	2.04533019426076	1.01472334655256E-5
1993	2.04527550864307	1.01424821995152E-5
1994	2.04522055888447	1.01376943959842E-5
1995	2.04516534446756	1.0132869977539E-5
1996	2.04510986487493	1.01280088667862E-5
1997	2.04505411958919	1.01231109863322E-5
1998	2.04499810809295	1.01181762587836E-5
1999	2.0449418298688	1.01132046067467E-5
2000	2.04488528439935	1.01081959528281E-5
