250	1.4986454712	2.6E-4
251	1.49820421152	2.56E-4
252	1.49776295184	2.52E-4
253	1.49732169216	2.48E-4
254	1.49688043248	2.44E-4
255	1.4964391728	2.4E-4
256	1.49602596096	2.364E-4
257	1.49561274912	2.328E-4
258	1.49519953728	2.292E-4
259	1.49478632544	2.256E-4
260	1.4943731136	2.22E-4
261	1.49398538184	2.188E-4
262	1.49359765008	2.156E-4
263	1.49320991832	2.124E-4
264	1.49282218656	2.092E-4
265	1.4924344548	2.06E-4
266	1.49207022792	2.03E-4
267	1.49170600104	2E-4
268	1.49134177416	1.97E-4
269	1.49097754728	1.94E-4
270	1.4906133204	1.91E-4
271	1.49027082072	1.886E-4
272	1.48992832104	1.862E-4
273	1.48958582136	1.838E-4
274	1.48924332168	1.814E-4
275	1.488900822	1.79E-4
276	1.48857807432	1.766E-4
277	1.48825532664	1.742E-4
278	1.48793257896	1.718E-4
279	1.48760983128	1.694E-4
280	1.4872870836	1.67E-4
281	1.4869829028	1.65E-4
282	1.486678722	1.63E-4
283	1.4863745412	1.61E-4
284	1.4860703604	1.59E-4
285	1.4857661796	1.57E-4
286	1.485478788	1.552E-4
287	1.4851913964	1.534E-4
288	1.4849040048	1.516E-4
289	1.4846166132	1.498E-4
290	1.4843292216	1.48E-4
291	1.48405743408	1.462E-4
292	1.48378564656	1.444E-4
293	1.48351385904	1.426E-4
294	1.48324207152	1.408E-4
295	1.482970284	1.39E-4
296	1.48271311296	1.376E-4
297	1.48245594192	1.362E-4
298	1.48219877088	1.348E-4
299	1.48194159984	1.334E-4
300	1.4816844288	1.32E-4
301	1.48144088664	1.306E-4
302	1.48119734448	1.292E-4
303	1.48095380232	1.278E-4
304	1.48071026016	1.264E-4
305	1.480466718	1.25E-4
306	1.4802356196	1.236E-4
307	1.4800045212	1.222E-4
308	1.4797734228	1.208E-4
309	1.4795423244	1.194E-4
310	1.479311226	1.18E-4
311	1.47909178128	1.168E-4
312	1.47887233656	1.156E-4
313	1.47865289184	1.144E-4
314	1.47843344712	1.132E-4
315	1.4782140024	1.12E-4
316	1.4780056188	1.11E-4
317	1.4777972352	1.1E-4
318	1.4775888516	1.09E-4
319	1.477380468	1.08E-4
320	1.4771720844	1.07E-4
321	1.47697377432	1.06E-4
322	1.47677546424	1.05E-4
323	1.47657715416	1.04E-4
324	1.47637884408	1.03E-4
325	1.476180534	1.02E-4
326	1.47599170488	8.16E-5
327	1.47580287576	6.12E-5
328	1.47561404664	4.08E-5
329	1.47542521752	2.04E-5
330	1.4752363884	0
331	1.4750566452	0
332	1.474876902	0
333	1.4746971588	0
334	1.4745174156	0
335	1.4743376724	0
336	1.47416622504	0
337	1.47399477768	0
338	1.47382333032	0
339	1.47365188296	0
340	1.4734804356	0
341	1.47331669152	0
342	1.47315294744	0
343	1.47298920336	0
344	1.47282545928	0
345	1.4726617152	0
346	1.47250547688	0
347	1.47234923856	0
348	1.47219300024	0
349	1.47203676192	0
350	1.4718805236	0
351	1.47173119848	0
352	1.47158187336	0
353	1.47143254824	0
354	1.47128322312	0
355	1.471133898	0
356	1.47099109104	0
357	1.47084828408	0
358	1.47070547712	0
359	1.47056267016	0
360	1.4704198632	0
361	1.47028298184	0
362	1.47014610048	0
363	1.47000921912	0
364	1.46987233776	0
365	1.4697354564	0
366	1.46960469816	0
367	1.46947393992	0
368	1.46934318168	0
369	1.46921242344	0
370	1.4690816652	0
371	1.46895604248	0
372	1.46883041976	0
373	1.46870479704	0
374	1.46857917432	0
375	1.4684535516	0
376	1.46833326192	0
377	1.46821297224	0
378	1.46809268256	0
379	1.46797239288	0
380	1.4678521032	0
381	1.46773675152	0
382	1.46762139984	0
383	1.46750604816	0
384	1.46739069648	0
385	1.4672753448	0
386	1.46716453608	0
387	1.46705372736	0
388	1.46694291864	0
389	1.46683210992	0
390	1.4667213012	0
391	1.46661483792	0
392	1.46650837464	0
393	1.46640191136	0
394	1.46629544808	0
395	1.4661889848	0
396	1.46608666944	0
397	1.46598435408	0
398	1.46588203872	0
399	1.46577972336	0
400	1.465677408	0
401	1.46557904304	0
402	1.46548067808	0
403	1.46538231312	0
404	1.46528394816	0
405	1.4651855832	0
406	1.4650907736	0
407	1.464995964	0
408	1.4649011544	0
409	1.4648063448	0
410	1.4647115352	0
411	1.46462047848	0
412	1.46452942176	0
413	1.46443836504	0
414	1.46434730832	0
415	1.4642562516	0
416	1.46416855272	0
417	1.46408085384	0
418	1.46399315496	0
419	1.46390545608	0
420	1.4638177572	0
421	1.46373302112	0
422	1.46364828504	0
423	1.46356354896	0
424	1.46347881288	0
425	1.4633940768	0
426	1.46331269856	0
427	1.46323132032	0
428	1.46314994208	0
429	1.46306856384	0
430	1.4629871856	0
431	1.46290857264	0
432	1.46282995968	0
433	1.46275134672	0
434	1.46267273376	0
435	1.4625941208	0
436	1.4625180756	0
437	1.4624420304	0
438	1.4623659852	0
439	1.46228994	0
440	1.4622138948	0
441	1.4621408124	0
442	1.46206773	0
443	1.4619946476	0
444	1.4619215652	0
445	1.4618484828	0
446	1.46177757312	0
447	1.46170666344	0
448	1.46163575376	0
449	1.46156484408	0
450	1.4614939344	0
451	1.46142559248	0
452	1.46135725056	0
453	1.46128890864	0
454	1.46122056672	0
455	1.4611522248	0
456	1.46108625312	0
457	1.46102028144	0
458	1.46095430976	0
459	1.46088833808	0
460	1.4608223664	0
461	1.46075856744	0
462	1.46069476848	0
463	1.46063096952	0
464	1.46056717056	0
465	1.4605033716	0
466	1.46044154784	0
467	1.46037972408	0
468	1.46031790032	0
469	1.46025607656	0
470	1.4601942528	0
471	1.46013440424	0
472	1.46007455568	0
473	1.46001470712	0
474	1.45995485856	0
475	1.45989501	0
476	1.45983713664	0
477	1.45977926328	0
478	1.45972138992	0
479	1.45966351656	0
480	1.4596056432	0
481	1.45954974504	0
482	1.45949384688	0
483	1.45943794872	0
484	1.45938205056	0
485	1.4593261524	0
486	1.4592718344	0
487	1.4592175164	0
488	1.4591631984	0
489	1.4591088804	0
490	1.4590545624	0
491	1.45900182456	0
492	1.45894908672	0
493	1.45889634888	0
494	1.45884361104	0
495	1.4587908732	0
496	1.45873991304	0
497	1.45868895288	0
498	1.45863799272	0
499	1.45858703256	0
500	1.4585360724	0
501	1.4584866924	0
502	1.4584373124	0
503	1.4583879324	0
504	1.4583385524	0
505	1.4582891724	0
506	1.45824117504	0
507	1.45819317768	0
508	1.45814518032	0
509	1.45809718296	0
510	1.4580491856	0
511	1.4580027684	0
512	1.4579563512	0
513	1.457909934	0
514	1.4578635168	0
515	1.4578170996	0
516	1.45777186752	0
517	1.45772663544	0
518	1.45768140336	0
519	1.45763617128	0
520	1.4575909392	0
521	1.45754708976	0
522	1.45750324032	0
523	1.45745939088	0
524	1.45741554144	0
525	1.457371692	0
526	1.4573292252	0
527	1.4572867584	0
528	1.4572442916	0
529	1.4572018248	0
530	1.457159358	0
531	1.4571178788	0
532	1.4570763996	0
533	1.4570349204	0
534	1.4569934412	0
535	1.456951962	0
536	1.45691186544	0
537	1.45687176888	0
538	1.45683167232	0
539	1.45679157576	0
540	1.4567514792	0
541	1.45671237024	0
542	1.45667326128	0
543	1.45663415232	0
544	1.45659504336	0
545	1.4565559344	0
546	1.45651801056	0
547	1.45648008672	0
548	1.45644216288	0
549	1.45640423904	0
550	1.4563663152	0
551	1.45632918144	0
552	1.45629204768	0
553	1.45625491392	0
554	1.45621778016	0
555	1.4561806464	0
556	1.45614489528	0
557	1.45610914416	0
558	1.45607339304	0
559	1.45603764192	0
560	1.4560018908	0
561	1.45596692976	0
562	1.45593196872	0
563	1.45589700768	0
564	1.45586204664	0
565	1.4558270856	0
566	1.45579291464	0
567	1.45575874368	0
568	1.45572457272	0
569	1.45569040176	0
570	1.4556562308	0
571	1.45562324496	0
572	1.45559025912	0
573	1.45555727328	0
574	1.45552428744	0
575	1.4554913016	0
576	1.45545890832	0
577	1.45542651504	0
578	1.45539412176	0
579	1.45536172848	0
580	1.4553293352	0
581	1.45529792952	0
582	1.45526652384	0
583	1.45523511816	0
584	1.45520371248	0
585	1.4551723068	0
586	1.4551416912	0
587	1.4551110756	0
588	1.45508046	0
589	1.4550498444	0
590	1.4550192288	0
591	1.45498940328	0
592	1.45495957776	0
593	1.45492975224	0
594	1.45489992672	0
595	1.4548701012	0
596	1.45484106576	0
597	1.45481203032	0
598	1.45478299488	0
599	1.45475395944	0
600	1.454724924	0
601	1.45469667864	0
602	1.45466843328	0
603	1.45464018792	0
604	1.45461194256	0
605	1.4545836972	0
606	1.4545560444	0
607	1.4545283916	0
608	1.4545007388	0
609	1.454473086	0
610	1.4544454332	0
611	1.45441837296	0
612	1.45439131272	0
613	1.45436425248	0
614	1.45433719224	0
615	1.454310132	0
616	1.45428386184	0
617	1.45425759168	0
618	1.45423132152	0
619	1.45420505136	0
620	1.4541787812	0
621	1.4541531036	0
622	1.454127426	0
623	1.4541017484	0
624	1.4540760708	0
625	1.4540503932	0
626	1.45402550568	0
627	1.45400061816	0
628	1.45397573064	0
629	1.45395084312	0
630	1.4539259556	0
631	1.45390146312	0
632	1.45387697064	0
633	1.45385247816	0
634	1.45382798568	0
635	1.4538034932	0
636	1.45377959328	0
637	1.45375569336	0
638	1.45373179344	0
639	1.45370789352	0
640	1.4536839936	0
641	1.45366068624	0
642	1.45363737888	0
643	1.45361407152	0
644	1.45359076416	0
645	1.4535674568	0
646	1.453544742	0
647	1.4535220272	0
648	1.4534993124	0
649	1.4534765976	0
650	1.4534538828	0
651	1.45343176056	0
652	1.45340963832	0
653	1.45338751608	0
654	1.45336539384	0
655	1.4533432716	0
656	1.4533215444	0
657	1.4532998172	0
658	1.45327809	0
659	1.4532563628	0
660	1.4532346356	0
661	1.45321330344	0
662	1.45319197128	0
663	1.45317063912	0
664	1.45314930696	0
665	1.4531279748	0
666	1.4531072352	0
667	1.4530864956	0
668	1.453065756	0
669	1.4530450164	0
670	1.4530242768	0
671	1.45300412976	0
672	1.45298398272	0
673	1.45296383568	0
674	1.45294368864	0
675	1.4529235416	0
676	1.45290359208	0
677	1.45288364256	0
678	1.45286369304	0
679	1.45284374352	0
680	1.452823794	0
681	1.45280443704	0
682	1.45278508008	0
683	1.45276572312	0
684	1.45274636616	0
685	1.4527270092	0
686	1.45270804728	0
687	1.45268908536	0
688	1.45267012344	0
689	1.45265116152	0
690	1.4526321996	0
691	1.45261383024	0
692	1.45259546088	0
693	1.45257709152	0
694	1.45255872216	0
695	1.4525403528	0
696	1.45252218096	0
697	1.45250400912	0
698	1.45248583728	0
699	1.45246766544	0
700	1.4524494936	0
701	1.4524317168	0
702	1.45241394	0
703	1.4523961632	0
704	1.4523783864	0
705	1.4523606096	0
706	1.45234322784	0
707	1.45232584608	0
708	1.45230846432	0
709	1.45229108256	0
710	1.4522737008	0
711	1.45225671408	0
712	1.45223972736	0
713	1.45222274064	0
714	1.45220575392	0
715	1.4521887672	0
716	1.45217217552	0
717	1.45215558384	0
718	1.45213899216	0
719	1.45212240048	0
720	1.4521058088	0
721	1.45208941464	0
722	1.45207302048	0
723	1.45205662632	0
724	1.45204023216	0
725	1.452023838	0
726	1.45200783888	0
727	1.45199183976	0
728	1.45197584064	0
729	1.45195984152	0
730	1.4519438424	0
731	1.45192823832	0
732	1.45191263424	0
733	1.45189703016	0
734	1.45188142608	0
735	1.451865822	0
736	1.45185061296	0
737	1.45183540392	0
738	1.45182019488	0
739	1.45180498584	0
740	1.4517897768	0
741	1.45177476528	0
742	1.45175975376	0
743	1.45174474224	0
744	1.45172973072	0
745	1.4517147192	0
746	1.4516999052	0
747	1.4516850912	0
748	1.4516702772	0
749	1.4516554632	0
750	1.4516406492	0
751	1.45162623024	0
752	1.45161181128	0
753	1.45159739232	0
754	1.45158297336	0
755	1.4515685544	0
756	1.45155453048	0
757	1.45154050656	0
758	1.45152648264	0
759	1.45151245872	0
760	1.4514984348	0
761	1.4514846084	0
762	1.451470782	0
763	1.4514569556	0
764	1.4514431292	0
765	1.4514293028	0
766	1.45141567392	0
767	1.45140204504	0
768	1.45138841616	0
769	1.45137478728	0
770	1.4513611584	0
771	1.45134792456	0
772	1.45133469072	0
773	1.45132145688	0
774	1.45130822304	0
775	1.4512949892	0
776	1.45128195288	0
777	1.45126891656	0
778	1.45125588024	0
779	1.45124284392	0
780	1.4512298076	0
781	1.4512169688	0
782	1.45120413	0
783	1.4511912912	0
784	1.4511784524	0
785	1.4511656136	0
786	1.45115316984	0
787	1.45114072608	0
788	1.45112828232	0
789	1.45111583856	0
790	1.4511033948	0
791	1.45109095104	0
792	1.45107850728	0
793	1.45106606352	0
794	1.45105361976	0
795	1.451041176	0
796	1.45102912728	0
797	1.45101707856	0
798	1.45100502984	0
799	1.45099298112	0
800	1.4509809324	0
801	1.4509690812	0
802	1.45095723	0
803	1.4509453788	0
804	1.4509335276	0
805	1.4509216764	0
806	1.45091002272	0
807	1.45089836904	0
808	1.45088671536	0
809	1.45087506168	0
810	1.450863408	0
811	1.45085214936	0
812	1.45084089072	0
813	1.45082963208	0
814	1.45081837344	0
815	1.4508071148	0
816	1.45079585616	0
817	1.45078459752	0
818	1.45077333888	0
819	1.45076208024	0
820	1.4507508216	0
821	1.45073976048	0
822	1.45072869936	0
823	1.45071763824	0
824	1.45070657712	0
825	1.450695516	0
826	1.4506846524	0
827	1.4506737888	0
828	1.4506629252	0
829	1.4506520616	0
830	1.450641198	0
831	1.45063072944	0
832	1.45062026088	0
833	1.45060979232	0
834	1.45059932376	0
835	1.4505888552	0
836	1.45057838664	0
837	1.45056791808	0
838	1.45055744952	0
839	1.45054698096	0
840	1.4505365124	0
841	1.45052624136	0
842	1.45051597032	0
843	1.45050569928	0
844	1.45049542824	0
845	1.4504851572	0
846	1.45047508368	0
847	1.45046501016	0
848	1.45045493664	0
849	1.45044486312	0
850	1.4504347896	0
851	1.45042511112	0
852	1.45041543264	0
853	1.45040575416	0
854	1.45039607568	0
855	1.4503863972	0
856	1.4503765212	0
857	1.4503666452	0
858	1.4503567692	0
859	1.4503468932	0
860	1.4503370172	0
861	1.45032753624	0
862	1.45031805528	0
863	1.45030857432	0
864	1.45029909336	0
865	1.4502896124	0
866	1.45028032896	0
867	1.45027104552	0
868	1.45026176208	0
869	1.45025247864	0
870	1.4502431952	0
871	1.45023391176	0
872	1.45022462832	0
873	1.45021534488	0
874	1.45020606144	0
875	1.450196778	0
876	1.4501878896	0
877	1.4501790012	0
878	1.4501701128	0
879	1.4501612244	0
880	1.450152336	0
881	1.4501434476	0
882	1.4501345592	0
883	1.4501256708	0
884	1.4501167824	0
885	1.450107894	0
886	1.4500990056	0
887	1.4500901172	0
888	1.4500812288	0
889	1.4500723404	0
890	1.450063452	0
891	1.45005495864	0
892	1.45004646528	0
893	1.45003797192	0
894	1.45002947856	0
895	1.4500209852	0
896	1.45001249184	0
897	1.45000399848	0
898	1.44999550512	0
899	1.44998701176	0
900	1.4499785184	0
901	1.44997022256	0
902	1.44996192672	0
903	1.44995363088	0
904	1.44994533504	0
905	1.4499370392	0
906	1.44992894088	0
907	1.44992084256	0
908	1.44991274424	0
909	1.44990464592	0
910	1.4498965476	0
911	1.44988844928	0
912	1.44988035096	0
913	1.44987225264	0
914	1.44986415432	0
915	1.449856056	0
916	1.4498481552	0
917	1.4498402544	0
918	1.4498323536	0
919	1.4498244528	0
920	1.449816552	0
921	1.44980884872	0
922	1.44980114544	0
923	1.44979344216	0
924	1.44978573888	0
925	1.4497780356	0
926	1.44977033232	0
927	1.44976262904	0
928	1.44975492576	0
929	1.44974722248	0
930	1.4497395192	0
931	1.44973201344	0
932	1.44972450768	0
933	1.44971700192	0
934	1.44970949616	0
935	1.4497019904	0
936	1.44969448464	0
937	1.44968697888	0
938	1.44967947312	0
939	1.44967196736	0
940	1.4496644616	0
941	1.44965735088	0
942	1.44965024016	0
943	1.44964312944	0
944	1.44963601872	0
945	1.449628908	0
946	1.44962159976	0
947	1.44961429152	0
948	1.44960698328	0
949	1.44959967504	0
950	1.4495923668	0
951	1.4495854536	0
952	1.4495785404	0
953	1.4495716272	0
954	1.449564714	0
955	1.4495578008	0
956	1.44955069008	0
957	1.44954357936	0
958	1.44953646864	0
959	1.44952935792	0
960	1.4495222472	0
961	1.44951553152	0
962	1.44950881584	0
963	1.44950210016	0
964	1.44949538448	0
965	1.4494886688	0
966	1.44948195312	0
967	1.44947523744	0
968	1.44946852176	0
969	1.44946180608	0
970	1.4494550904	0
971	1.44944837472	0
972	1.44944165904	0
973	1.44943494336	0
974	1.44942822768	0
975	1.449421512	0
976	1.44941499384	0
977	1.44940847568	0
978	1.44940195752	0
979	1.44939543936	0
980	1.4493889212	0
981	1.44938260056	0
982	1.44937627992	0
983	1.44936995928	0
984	1.44936363864	0
985	1.449357318	0
986	1.44935099736	0
987	1.44934467672	0
988	1.44933835608	0
989	1.44933203544	0
990	1.4493257148	0
991	1.44931939416	0
992	1.44931307352	0
993	1.44930675288	0
994	1.44930043224	0
995	1.4492941116	0
996	1.44928798848	0
997	1.44928186536	0
998	1.44927574224	0
999	1.44926961912	0
1000	1.449263496	0
1001	1.44925737288	0
1002	1.44925124976	0
1003	1.44924512664	0
1004	1.44923900352	0
1005	1.4492328804	0
1006	1.4492269548	0
1007	1.4492210292	0
1008	1.4492151036	0
1009	1.449209178	0
1010	1.4492032524	0
1011	1.4491973268	0
1012	1.4491914012	0
1013	1.4491854756	0
1014	1.44917955	0
1015	1.4491736244	0
1016	1.44916789632	0
1017	1.44916216824	0
1018	1.44915644016	0
1019	1.44915071208	0
1020	1.449144984	0
1021	1.44913925592	0
1022	1.44913352784	0
1023	1.44912779976	0
1024	1.44912207168	0
1025	1.4491163436	0
1026	1.44911081304	0
1027	1.44910528248	0
1028	1.44909975192	0
1029	1.44909422136	0
1030	1.4490886908	0
1031	1.44908316024	0
1032	1.44907762968	0
1033	1.44907209912	0
1034	1.44906656856	0
1035	1.449061038	0
1036	1.44905550744	0
1037	1.44904997688	0
1038	1.44904444632	0
1039	1.44903891576	0
1040	1.4490333852	0
1041	1.44902805216	0
1042	1.44902271912	0
1043	1.44901738608	0
1044	1.44901205304	0
1045	1.44900672	0
1046	1.44900138696	0
1047	1.44899605392	0
1048	1.44899072088	0
1049	1.44898538784	0
1050	1.4489800548	0
1051	1.44897491928	0
1052	1.44896978376	0
1053	1.44896464824	0
1054	1.44895951272	0
1055	1.4489543772	0
1056	1.44894924168	0
1057	1.44894410616	0
1058	1.44893897064	0
1059	1.44893383512	0
1060	1.4489286996	0
1061	1.44892356408	0
1062	1.44891842856	0
1063	1.44891329304	0
1064	1.44890815752	0
1065	1.448903022	0
1066	1.448898084	0
1067	1.448893146	0
1068	1.448888208	0
1069	1.44888327	0
1070	1.448878332	0
1071	1.448873394	0
1072	1.448868456	0
1073	1.448863518	0
1074	1.44885858	0
1075	1.448853642	0
1076	1.448848704	0
1077	1.448843766	0
1078	1.448838828	0
1079	1.44883389	0
1080	1.448828952	0
1081	1.44882421152	0
1082	1.44881947104	0
1083	1.44881473056	0
1084	1.44880999008	0
1085	1.4488052496	0
1086	1.44880050912	0
1087	1.44879576864	0
1088	1.44879102816	0
1089	1.44878628768	0
1090	1.4487815472	0
1091	1.44877700424	0
1092	1.44877246128	0
1093	1.44876791832	0
1094	1.44876337536	0
1095	1.4487588324	0
1096	1.44875409192	0
1097	1.44874935144	0
1098	1.44874461096	0
1099	1.44873987048	0
1100	1.44873513	0
1101	1.44873058704	0
1102	1.44872604408	0
1103	1.44872150112	0
1104	1.44871695816	0
1105	1.4487124152	0
1106	1.44870806976	0
1107	1.44870372432	0
1108	1.44869937888	0
1109	1.44869503344	0
1110	1.448690688	0
1111	1.44868614504	0
1112	1.44868160208	0
1113	1.44867705912	0
1114	1.44867251616	0
1115	1.4486679732	0
1116	1.44866362776	0
1117	1.44865928232	0
1118	1.44865493688	0
1119	1.44865059144	0
1120	1.448646246	0
1121	1.44864190056	0
1122	1.44863755512	0
1123	1.44863320968	0
1124	1.44862886424	0
1125	1.4486245188	0
1126	1.44862037088	0
1127	1.44861622296	0
1128	1.44861207504	0
1129	1.44860792712	0
1130	1.4486037792	0
1131	1.44859963128	0
1132	1.44859548336	0
1133	1.44859133544	0
1134	1.44858718752	0
1135	1.4485830396	0
1136	1.44857889168	0
1137	1.44857474376	0
1138	1.44857059584	0
1139	1.44856644792	0
1140	1.4485623	0
1141	1.44855815208	0
1142	1.44855400416	0
1143	1.44854985624	0
1144	1.44854570832	0
1145	1.4485415604	0
1146	1.44853761	0
1147	1.4485336596	0
1148	1.4485297092	0
1149	1.4485257588	0
1150	1.4485218084	0
1151	1.448517858	0
1152	1.4485139076	0
1153	1.4485099572	0
1154	1.4485060068	0
1155	1.4485020564	0
1156	1.448498106	0
1157	1.4484941556	0
1158	1.4484902052	0
1159	1.4484862548	0
1160	1.4484823044	0
1161	1.448478354	0
1162	1.4484744036	0
1163	1.4484704532	0
1164	1.4484665028	0
1165	1.4484625524	0
1166	1.44845879952	0
1167	1.44845504664	0
1168	1.44845129376	0
1169	1.44844754088	0
1170	1.448443788	0
1171	1.44844003512	0
1172	1.44843628224	0
1173	1.44843252936	0
1174	1.44842877648	0
1175	1.4484250236	0
1176	1.44842127072	0
1177	1.44841751784	0
1178	1.44841376496	0
1179	1.44841001208	0
1180	1.4484062592	0
1181	1.44840270384	0
1182	1.44839914848	0
1183	1.44839559312	0
1184	1.44839203776	0
1185	1.4483884824	0
1186	1.44838472952	0
1187	1.44838097664	0
1188	1.44837722376	0
1189	1.44837347088	0
1190	1.448369718	0
1191	1.44836616264	0
1192	1.44836260728	0
1193	1.44835905192	0
1194	1.44835549656	0
1195	1.4483519412	0
1196	1.44834838584	0
1197	1.44834483048	0
1198	1.44834127512	0
1199	1.44833771976	0
1200	1.4483341644	0
1201	1.44833080656	0
1202	1.44832744872	0
1203	1.44832409088	0
1204	1.44832073304	0
1205	1.4483173752	0
1206	1.44831381984	0
1207	1.44831026448	0
1208	1.44830670912	0
1209	1.44830315376	0
1210	1.4482995984	0
1211	1.44829624056	0
1212	1.44829288272	0
1213	1.44828952488	0
1214	1.44828616704	0
1215	1.4482828092	0
1216	1.44827945136	0
1217	1.44827609352	0
1218	1.44827273568	0
1219	1.44826937784	0
1220	1.44826602	0
1221	1.44826266216	0
1222	1.44825930432	0
1223	1.44825594648	0
1224	1.44825258864	0
1225	1.4482492308	0
1226	1.44824587296	0
1227	1.44824251512	0
1228	1.44823915728	0
1229	1.44823579944	0
1230	1.4482324416	0
1231	1.44822928128	0
1232	1.44822612096	0
1233	1.44822296064	0
1234	1.44821980032	0
1235	1.44821664	0
1236	1.44821347968	0
1237	1.44821031936	0
1238	1.44820715904	0
1239	1.44820399872	0
1240	1.4482008384	0
1241	1.44819767808	0
1242	1.44819451776	0
1243	1.44819135744	0
1244	1.44818819712	0
1245	1.4481850368	0
1246	1.44818187648	0
1247	1.44817871616	0
1248	1.44817555584	0
1249	1.44817239552	0
1250	1.4481692352	0
1251	1.44816607488	0
1252	1.44816291456	0
1253	1.44815975424	0
1254	1.44815659392	0
1255	1.4481534336	0
1256	1.4481504708	0
1257	1.448147508	0
1258	1.4481445452	0
1259	1.4481415824	0
1260	1.4481386196	0
1261	1.4481356568	0
1262	1.448132694	0
1263	1.4481297312	0
1264	1.4481267684	0
1265	1.4481238056	0
1266	1.44812064528	0
1267	1.44811748496	0
1268	1.44811432464	0
1269	1.44811116432	0
1270	1.448108004	0
1271	1.44810523872	0
1272	1.44810247344	0
1273	1.44809970816	0
1274	1.44809694288	0
1275	1.4480941776	0
1276	1.4480912148	0
1277	1.448088252	0
1278	1.4480852892	0
1279	1.4480823264	0
1280	1.4480793636	0
1281	1.4480764008	0
1282	1.448073438	0
1283	1.4480704752	0
1284	1.4480675124	0
1285	1.4480645496	0
1286	1.44806178432	0
1287	1.44805901904	0
1288	1.44805625376	0
1289	1.44805348848	0
1290	1.4480507232	0
1291	1.44804795792	0
1292	1.44804519264	0
1293	1.44804242736	0
1294	1.44803966208	0
1295	1.4480368968	0
1296	1.44803413152	0
1297	1.44803136624	0
1298	1.44802860096	0
1299	1.44802583568	0
1300	1.4480230704	0
1301	1.44802030512	0
1302	1.44801753984	0
1303	1.44801477456	0
1304	1.44801200928	0
1305	1.448009244	0
1306	1.44800647872	0
1307	1.44800371344	0
1308	1.44800094816	0
1309	1.44799818288	0
1310	1.4479954176	0
1311	1.44799265232	0
1312	1.44798988704	0
1313	1.44798712176	0
1314	1.44798435648	0
1315	1.4479815912	0
1316	1.44797902344	0
1317	1.44797645568	0
1318	1.44797388792	0
1319	1.44797132016	0
1320	1.4479687524	0
1321	1.44796618464	0
1322	1.44796361688	0
1323	1.44796104912	0
1324	1.44795848136	0
1325	1.4479559136	0
1326	1.44795334584	0
1327	1.44795077808	0
1328	1.44794821032	0
1329	1.44794564256	0
1330	1.4479430748	0
1331	1.44794050704	0
1332	1.44793793928	0
1333	1.44793537152	0
1334	1.44793280376	0
1335	1.447930236	0
1336	1.44792766824	0
1337	1.44792510048	0
1338	1.44792253272	0
1339	1.44791996496	0
1340	1.4479173972	0
1341	1.44791482944	0
1342	1.44791226168	0
1343	1.44790969392	0
1344	1.44790712616	0
1345	1.4479045584	0
1346	1.44790199064	0
1347	1.44789942288	0
1348	1.44789685512	0
1349	1.44789428736	0
1350	1.4478917196	0
1351	1.44788934936	0
1352	1.44788697912	0
1353	1.44788460888	0
1354	1.44788223864	0
1355	1.4478798684	0
1356	1.44787749816	0
1357	1.44787512792	0
1358	1.44787275768	0
1359	1.44787038744	0
1360	1.4478680172	0
1361	1.44786564696	0
1362	1.44786327672	0
1363	1.44786090648	0
1364	1.44785853624	0
1365	1.447856166	0
1366	1.44785379576	0
1367	1.44785142552	0
1368	1.44784905528	0
1369	1.44784668504	0
1370	1.4478443148	0
1371	1.44784194456	0
1372	1.44783957432	0
1373	1.44783720408	0
1374	1.44783483384	0
1375	1.4478324636	0
1376	1.44783009336	0
1377	1.44782772312	0
1378	1.44782535288	0
1379	1.44782298264	0
1380	1.4478206124	0
1381	1.44781824216	0
1382	1.44781587192	0
1383	1.44781350168	0
1384	1.44781113144	0
1385	1.4478087612	0
1386	1.44780658848	0
1387	1.44780441576	0
1388	1.44780224304	0
1389	1.44780007032	0
1390	1.4477978976	0
1391	1.44779572488	0
1392	1.44779355216	0
1393	1.44779137944	0
1394	1.44778920672	0
1395	1.447787034	0
1396	1.44778466376	0
1397	1.44778229352	0
1398	1.44777992328	0
1399	1.44777755304	0
1400	1.4477751828	0
1401	1.44777301008	0
1402	1.44777083736	0
1403	1.44776866464	0
1404	1.44776649192	0
1405	1.4477643192	0
1406	1.44776214648	0
1407	1.44775997376	0
1408	1.44775780104	0
1409	1.44775562832	0
1410	1.4477534556	0
1411	1.44775128288	0
1412	1.44774911016	0
1413	1.44774693744	0
1414	1.44774476472	0
1415	1.447742592	0
1416	1.4477406168	0
1417	1.4477386416	0
1418	1.4477366664	0
1419	1.4477346912	0
1420	1.447732716	0
1421	1.44773054328	0
1422	1.44772837056	0
1423	1.44772619784	0
1424	1.44772402512	0
1425	1.4477218524	0
1426	1.44771967968	0
1427	1.44771750696	0
1428	1.44771533424	0
1429	1.44771316152	0
1430	1.4477109888	0
1431	1.4477090136	0
1432	1.4477070384	0
1433	1.4477050632	0
1434	1.447703088	0
1435	1.4477011128	0
1436	1.4476991376	0
1437	1.4476971624	0
1438	1.4476951872	0
1439	1.447693212	0
1440	1.4476912368	0
1441	1.44768906408	0
1442	1.44768689136	0
1443	1.44768471864	0
1444	1.44768254592	0
1445	1.4476803732	0
1446	1.447678398	0
1447	1.4476764228	0
1448	1.4476744476	0
1449	1.4476724724	0
1450	1.4476704972	0
1451	1.447668522	0
1452	1.4476665468	0
1453	1.4476645716	0
1454	1.4476625964	0
1455	1.4476606212	0
1456	1.447658646	0
1457	1.4476566708	0
1458	1.4476546956	0
1459	1.4476527204	0
1460	1.4476507452	0
1461	1.44764896752	0
1462	1.44764718984	0
1463	1.44764541216	0
1464	1.44764363448	0
1465	1.4476418568	0
1466	1.4476398816	0
1467	1.4476379064	0
1468	1.4476359312	0
1469	1.447633956	0
1470	1.4476319808	0
1471	1.4476300056	0
1472	1.4476280304	0
1473	1.4476260552	0
1474	1.44762408	0
1475	1.4476221048	0
1476	1.44762032712	0
1477	1.44761854944	0
1478	1.44761677176	0
1479	1.44761499408	0
1480	1.4476132164	0
1481	1.4476112412	0
1482	1.447609266	0
1483	1.4476072908	0
1484	1.4476053156	0
1485	1.4476033404	0
1486	1.44760156272	0
1487	1.44759978504	0
1488	1.44759800736	0
1489	1.44759622968	0
1490	1.447594452	0
1491	1.44759267432	0
1492	1.44759089664	0
1493	1.44758911896	0
1494	1.44758734128	0
1495	1.4475855636	0
1496	1.44758378592	0
1497	1.44758200824	0
1498	1.44758023056	0
1499	1.44757845288	0
1500	1.4475766752	0
1501	1.44757489752	0
1502	1.44757311984	0
1503	1.44757134216	0
1504	1.44756956448	0
1505	1.4475677868	0
1506	1.44756600912	0
1507	1.44756423144	0
1508	1.44756245376	0
1509	1.44756067608	0
1510	1.4475588984	0
1511	1.44755712072	0
1512	1.44755534304	0
1513	1.44755356536	0
1514	1.44755178768	0
1515	1.44755001	0
1516	1.44754823232	0
1517	1.44754645464	0
1518	1.44754467696	0
1519	1.44754289928	0
1520	1.4475411216	0
1521	1.44753934392	0
1522	1.44753756624	0
1523	1.44753578856	0
1524	1.44753401088	0
1525	1.4475322332	0
1526	1.44753065304	0
1527	1.44752907288	0
1528	1.44752749272	0
1529	1.44752591256	0
1530	1.4475243324	0
1531	1.44752255472	0
1532	1.44752077704	0
1533	1.44751899936	0
1534	1.44751722168	0
1535	1.447515444	0
1536	1.44751386384	0
1537	1.44751228368	0
1538	1.44751070352	0
1539	1.44750912336	0
1540	1.4475075432	0
1541	1.44750576552	0
1542	1.44750398784	0
1543	1.44750221016	0
1544	1.44750043248	0
1545	1.4474986548	0
1546	1.44749707464	0
1547	1.44749549448	0
1548	1.44749391432	0
1549	1.44749233416	0
1550	1.447490754	0
1551	1.44748917384	0
1552	1.44748759368	0
1553	1.44748601352	0
1554	1.44748443336	0
1555	1.4474828532	0
1556	1.44748127304	0
1557	1.44747969288	0
1558	1.44747811272	0
1559	1.44747653256	0
1560	1.4474749524	0
1561	1.44747337224	0
1562	1.44747179208	0
1563	1.44747021192	0
1564	1.44746863176	0
1565	1.4474670516	0
1566	1.44746547144	0
1567	1.44746389128	0
1568	1.44746231112	0
1569	1.44746073096	0
1570	1.4474591508	0
1571	1.44745757064	0
1572	1.44745599048	0
1573	1.44745441032	0
1574	1.44745283016	0
1575	1.44745125	0
1576	1.44744966984	0
1577	1.44744808968	0
1578	1.44744650952	0
1579	1.44744492936	0
1580	1.4474433492	0
1581	1.44744176904	0
1582	1.44744018888	0
1583	1.44743860872	0
1584	1.44743702856	0
1585	1.4474354484	0
1586	1.44743406576	0
1587	1.44743268312	0
1588	1.44743130048	0
1589	1.44742991784	0
1590	1.4474285352	0
1591	1.44742695504	0
1592	1.44742537488	0
1593	1.44742379472	0
1594	1.44742221456	0
1595	1.4474206344	0
1596	1.44741925176	0
1597	1.44741786912	0
1598	1.44741648648	0
1599	1.44741510384	0
1600	1.4474137212	0
1601	1.44741214104	0
1602	1.44741056088	0
1603	1.44740898072	0
1604	1.44740740056	0
1605	1.4474058204	0
1606	1.44740443776	0
1607	1.44740305512	0
1608	1.44740167248	0
1609	1.44740028984	0
1610	1.4473989072	0
1611	1.44739732704	0
1612	1.44739574688	0
1613	1.44739416672	0
1614	1.44739258656	0
1615	1.4473910064	0
1616	1.44738962376	0
1617	1.44738824112	0
1618	1.44738685848	0
1619	1.44738547584	0
1620	1.4473840932	0
1621	1.44738271056	0
1622	1.44738132792	0
1623	1.44737994528	0
1624	1.44737856264	0
1625	1.44737718	0
1626	1.44737579736	0
1627	1.44737441472	0
1628	1.44737303208	0
1629	1.44737164944	0
1630	1.4473702668	0
1631	1.44736888416	0
1632	1.44736750152	0
1633	1.44736611888	0
1634	1.44736473624	0
1635	1.4473633536	0
1636	1.44736197096	0
1637	1.44736058832	0
1638	1.44735920568	0
1639	1.44735782304	0
1640	1.4473564404	0
1641	1.44735505776	0
1642	1.44735367512	0
1643	1.44735229248	0
1644	1.44735090984	0
1645	1.4473495272	0
1646	1.44734814456	0
1647	1.44734676192	0
1648	1.44734537928	0
1649	1.44734399664	0
1650	1.447342614	0
1651	1.44734123136	0
1652	1.44733984872	0
1653	1.44733846608	0
1654	1.44733708344	0
1655	1.4473357008	0
1656	1.44733451568	0
1657	1.44733333056	0
1658	1.44733214544	0
1659	1.44733096032	0
1660	1.4473297752	0
1661	1.44732839256	0
1662	1.44732700992	0
1663	1.44732562728	0
1664	1.44732424464	0
1665	1.447322862	0
1666	1.44732147936	0
1667	1.44732009672	0
1668	1.44731871408	0
1669	1.44731733144	0
1670	1.4473159488	0
1671	1.44731476368	0
1672	1.44731357856	0
1673	1.44731239344	0
1674	1.44731120832	0
1675	1.4473100232	0
1676	1.44730864056	0
1677	1.44730725792	0
1678	1.44730587528	0
1679	1.44730449264	0
1680	1.44730311	0
1681	1.44730192488	0
1682	1.44730073976	0
1683	1.44729955464	0
1684	1.44729836952	0
1685	1.4472971844	0
1686	1.44729580176	0
1687	1.44729441912	0
1688	1.44729303648	0
1689	1.44729165384	0
1690	1.4472902712	0
1691	1.44728908608	0
1692	1.44728790096	0
1693	1.44728671584	0
1694	1.44728553072	0
1695	1.4472843456	0
1696	1.44728316048	0
1697	1.44728197536	0
1698	1.44728079024	0
1699	1.44727960512	0
1700	1.44727842	0
1701	1.44727723488	0
1702	1.44727604976	0
1703	1.44727486464	0
1704	1.44727367952	0
1705	1.4472724944	0
1706	1.44727130928	0
1707	1.44727012416	0
1708	1.44726893904	0
1709	1.44726775392	0
1710	1.4472665688	0
1711	1.44726518616	0
1712	1.44726380352	0
1713	1.44726242088	0
1714	1.44726103824	0
1715	1.4472596556	0
1716	1.44725847048	0
1717	1.44725728536	0
1718	1.44725610024	0
1719	1.44725491512	0
1720	1.44725373	0
1721	1.44725254488	0
1722	1.44725135976	0
1723	1.44725017464	0
1724	1.44724898952	0
1725	1.4472478044	0
1726	1.44724661928	0
1727	1.44724543416	0
1728	1.44724424904	0
1729	1.44724306392	0
1730	1.4472418788	0
1731	1.4472408912	0
1732	1.4472399036	0
1733	1.447238916	0
1734	1.4472379284	0
1735	1.4472369408	0
1736	1.44723575568	0
1737	1.44723457056	0
1738	1.44723338544	0
1739	1.44723220032	0
1740	1.4472310152	0
1741	1.44722983008	0
1742	1.44722864496	0
1743	1.44722745984	0
1744	1.44722627472	0
1745	1.4472250896	0
1746	1.44722390448	0
1747	1.44722271936	0
1748	1.44722153424	0
1749	1.44722034912	0
1750	1.447219164	0
1751	1.4472181764	0
1752	1.4472171888	0
1753	1.4472162012	0
1754	1.4472152136	0
1755	1.447214226	0
1756	1.44721304088	0
1757	1.44721185576	0
1758	1.44721067064	0
1759	1.44720948552	0
1760	1.4472083004	0
1761	1.44720711528	0
1762	1.44720593016	0
1763	1.44720474504	0
1764	1.44720355992	0
1765	1.4472023748	0
1766	1.4472013872	0
1767	1.4472003996	0
1768	1.447199412	0
1769	1.4471984244	0
1770	1.4471974368	0
1771	1.44719625168	0
1772	1.44719506656	0
1773	1.44719388144	0
1774	1.44719269632	0
1775	1.4471915112	0
1776	1.4471905236	0
1777	1.447189536	0
1778	1.4471885484	0
1779	1.4471875608	0
1780	1.4471865732	0
1781	1.44718538808	0
1782	1.44718420296	0
1783	1.44718301784	0
1784	1.44718183272	0
1785	1.4471806476	0
1786	1.44717966	0
1787	1.4471786724	0
1788	1.4471776848	0
1789	1.4471766972	0
1790	1.4471757096	0
1791	1.447174722	0
1792	1.4471737344	0
1793	1.4471727468	0
1794	1.4471717592	0
1795	1.4471707716	0
1796	1.44716958648	0
1797	1.44716840136	0
1798	1.44716721624	0
1799	1.44716603112	0
1800	1.447164846	0
1801	1.4471638584	0
1802	1.4471628708	0
1803	1.4471618832	0
1804	1.4471608956	0
1805	1.447159908	0
1806	1.4471589204	0
1807	1.4471579328	0
1808	1.4471569452	0
1809	1.4471559576	0
1810	1.44715497	0
1811	1.4471539824	0
1812	1.4471529948	0
1813	1.4471520072	0
1814	1.4471510196	0
1815	1.447150032	0
1816	1.4471490444	0
1817	1.4471480568	0
1818	1.4471470692	0
1819	1.4471460816	0
1820	1.447145094	0
1821	1.4471441064	0
1822	1.4471431188	0
1823	1.4471421312	0
1824	1.4471411436	0
1825	1.447140156	0
1826	1.4471391684	0
1827	1.4471381808	0
1828	1.4471371932	0
1829	1.4471362056	0
1830	1.447135218	0
1831	1.4471342304	0
1832	1.4471332428	0
1833	1.4471322552	0
1834	1.4471312676	0
1835	1.44713028	0
1836	1.4471292924	0
1837	1.4471283048	0
1838	1.4471273172	0
1839	1.4471263296	0
1840	1.447125342	0
1841	1.4471243544	0
1842	1.4471233668	0
1843	1.4471223792	0
1844	1.4471213916	0
1845	1.447120404	0
1846	1.4471194164	0
1847	1.4471184288	0
1848	1.4471174412	0
1849	1.4471164536	0
1850	1.447115466	0
1851	1.4471144784	0
1852	1.4471134908	0
1853	1.4471125032	0
1854	1.4471115156	0
1855	1.447110528	0
1856	1.4471095404	0
1857	1.4471085528	0
1858	1.4471075652	0
1859	1.4471065776	0
1860	1.44710559	0
1861	1.44710479992	0
1862	1.44710400984	0
1863	1.44710321976	0
1864	1.44710242968	0
1865	1.4471016396	0
1866	1.447100652	0
1867	1.4470996644	0
1868	1.4470986768	0
1869	1.4470976892	0
1870	1.4470967016	0
1871	1.447095714	0
1872	1.4470947264	0
1873	1.4470937388	0
1874	1.4470927512	0
1875	1.4470917636	0
1876	1.44709097352	0
1877	1.44709018344	0
1878	1.44708939336	0
1879	1.44708860328	0
1880	1.4470878132	0
1881	1.4470868256	0
1882	1.447085838	0
1883	1.4470848504	0
1884	1.4470838628	0
1885	1.4470828752	0
1886	1.44708208512	0
1887	1.44708129504	0
1888	1.44708050496	0
1889	1.44707971488	0
1890	1.4470789248	0
1891	1.4470779372	0
1892	1.4470769496	0
1893	1.447075962	0
1894	1.4470749744	0
1895	1.4470739868	0
1896	1.44707319672	0
1897	1.44707240664	0
1898	1.44707161656	0
1899	1.44707082648	0
1900	1.4470700364	0
1901	1.4470690488	0
1902	1.4470680612	0
1903	1.4470670736	0
1904	1.447066086	0
1905	1.4470650984	0
1906	1.44706430832	0
1907	1.44706351824	0
1908	1.44706272816	0
1909	1.44706193808	0
1910	1.447061148	0
1911	1.4470601604	0
1912	1.4470591728	0
1913	1.4470581852	0
1914	1.4470571976	0
1915	1.44705621	0
1916	1.44705541992	0
1917	1.44705462984	0
1918	1.44705383976	0
1919	1.44705304968	0
1920	1.4470522596	0
1921	1.44705146952	0
1922	1.44705067944	0
1923	1.44704988936	0
1924	1.44704909928	0
1925	1.4470483092	0
1926	1.4470473216	0
1927	1.447046334	0
1928	1.4470453464	0
1929	1.4470443588	0
1930	1.4470433712	0
1931	1.44704258112	0
1932	1.44704179104	0
1933	1.44704100096	0
1934	1.44704021088	0
1935	1.4470394208	0
1936	1.44703863072	0
1937	1.44703784064	0
1938	1.44703705056	0
1939	1.44703626048	0
1940	1.4470354704	0
1941	1.44703468032	0
1942	1.44703389024	0
1943	1.44703310016	0
1944	1.44703231008	0
1945	1.44703152	0
1946	1.44703072992	0
1947	1.44702993984	0
1948	1.44702914976	0
1949	1.44702835968	0
1950	1.4470275696	0
1951	1.44702677952	0
1952	1.44702598944	0
1953	1.44702519936	0
1954	1.44702440928	0
1955	1.4470236192	0
1956	1.4470226316	0
1957	1.447021644	0
1958	1.4470206564	0
1959	1.4470196688	0
1960	1.4470186812	0
1961	1.44701789112	0
1962	1.44701710104	0
1963	1.44701631096	0
1964	1.44701552088	0
1965	1.4470147308	0
1966	1.44701394072	0
1967	1.44701315064	0
1968	1.44701236056	0
1969	1.44701157048	0
1970	1.4470107804	0
1971	1.44700999032	0
1972	1.44700920024	0
1973	1.44700841016	0
1974	1.44700762008	0
1975	1.44700683	0
1976	1.44700603992	0
1977	1.44700524984	0
1978	1.44700445976	0
1979	1.44700366968	0
1980	1.4470028796	0
1981	1.44700208952	0
1982	1.44700129944	0
1983	1.44700050936	0
1984	1.44699971928	0
1985	1.4469989292	0
1986	1.44699833664	0
1987	1.44699774408	0
1988	1.44699715152	0
1989	1.44699655896	0
1990	1.4469959664	0
1991	1.44699517632	0
1992	1.44699438624	0
1993	1.44699359616	0
1994	1.44699280608	0
1995	1.446992016	0
1996	1.44699122592	0
1997	1.44699043584	0
1998	1.44698964576	0
1999	1.44698885568	0
2000	1.4469880656	0
2001	1.44698727552	0
2002	1.44698648544	0
2003	1.44698569536	0
2004	1.44698490528	0
2005	1.4469841152	0
2006	1.44698332512	0
2007	1.44698253504	0
2008	1.44698174496	0
2009	1.44698095488	0
2010	1.4469801648	0
2011	1.44697957224	0
2012	1.44697897968	0
2013	1.44697838712	0
2014	1.44697779456	0
2015	1.446977202	0
2016	1.44697641192	0
2017	1.44697562184	0
2018	1.44697483176	0
2019	1.44697404168	0
2020	1.4469732516	0
2021	1.44697246152	0
2022	1.44697167144	0
2023	1.44697088136	0
2024	1.44697009128	0
2025	1.4469693012	0
2026	1.44696851112	0
2027	1.44696772104	0
2028	1.44696693096	0
2029	1.44696614088	0
2030	1.4469653508	0
2031	1.44696475824	0
2032	1.44696416568	0
2033	1.44696357312	0
2034	1.44696298056	0
2035	1.446962388	0
2036	1.44696159792	0
2037	1.44696080784	0
2038	1.44696001776	0
2039	1.44695922768	0
2040	1.4469584376	0
2041	1.44695784504	0
2042	1.44695725248	0
2043	1.44695665992	0
2044	1.44695606736	0
2045	1.4469554748	0
2046	1.44695468472	0
2047	1.44695389464	0
2048	1.44695310456	0
2049	1.44695231448	0
2050	1.4469515244	0
2051	1.44695073432	0
2052	1.44694994424	0
2053	1.44694915416	0
2054	1.44694836408	0
2055	1.446947574	0
2056	1.44694698144	0
2057	1.44694638888	0
2058	1.44694579632	0
2059	1.44694520376	0
2060	1.4469446112	0
2061	1.44694382112	0
2062	1.44694303104	0
2063	1.44694224096	0
2064	1.44694145088	0
2065	1.4469406608	0
2066	1.44694006824	0
2067	1.44693947568	0
2068	1.44693888312	0
2069	1.44693829056	0
2070	1.446937698	0
2071	1.44693710544	0
2072	1.44693651288	0
2073	1.44693592032	0
2074	1.44693532776	0
2075	1.4469347352	0
2076	1.44693394512	0
2077	1.44693315504	0
2078	1.44693236496	0
2079	1.44693157488	0
2080	1.4469307848	0
2081	1.44693019224	0
2082	1.44692959968	0
2083	1.44692900712	0
2084	1.44692841456	0
2085	1.446927822	0
2086	1.44692703192	0
2087	1.44692624184	0
2088	1.44692545176	0
2089	1.44692466168	0
2090	1.4469238716	0
2091	1.44692327904	0
2092	1.44692268648	0
2093	1.44692209392	0
2094	1.44692150136	0
2095	1.4469209088	0
2096	1.44692031624	0
2097	1.44691972368	0
2098	1.44691913112	0
2099	1.44691853856	0
2100	1.446917946	0
2101	1.44691715592	0
2102	1.44691636584	0
2103	1.44691557576	0
2104	1.44691478568	0
2105	1.4469139956	0
2106	1.44691340304	0
2107	1.44691281048	0
2108	1.44691221792	0
2109	1.44691162536	0
2110	1.4469110328	0
2111	1.44691044024	0
2112	1.44690984768	0
2113	1.44690925512	0
2114	1.44690866256	0
2115	1.44690807	0
2116	1.44690747744	0
2117	1.44690688488	0
2118	1.44690629232	0
2119	1.44690569976	0
2120	1.4469051072	0
2121	1.44690451464	0
2122	1.44690392208	0
2123	1.44690332952	0
2124	1.44690273696	0
2125	1.4469021444	0
2126	1.44690135432	0
2127	1.44690056424	0
2128	1.44689977416	0
2129	1.44689898408	0
2130	1.446898194	0
2131	1.44689760144	0
2132	1.44689700888	0
2133	1.44689641632	0
2134	1.44689582376	0
2135	1.4468952312	0
2136	1.44689463864	0
2137	1.44689404608	0
2138	1.44689345352	0
2139	1.44689286096	0
2140	1.4468922684	0
2141	1.44689167584	0
2142	1.44689108328	0
2143	1.44689049072	0
2144	1.44688989816	0
2145	1.4468893056	0
2146	1.44688871304	0
2147	1.44688812048	0
2148	1.44688752792	0
2149	1.44688693536	0
2150	1.4468863428	0
2151	1.44688575024	0
2152	1.44688515768	0
2153	1.44688456512	0
2154	1.44688397256	0
2155	1.44688338	0
2156	1.44688278744	0
2157	1.44688219488	0
2158	1.44688160232	0
2159	1.44688100976	0
2160	1.4468804172	0
2161	1.44687982464	0
2162	1.44687923208	0
2163	1.44687863952	0
2164	1.44687804696	0
2165	1.4468774544	0
2166	1.44687686184	0
2167	1.44687626928	0
2168	1.44687567672	0
2169	1.44687508416	0
2170	1.4468744916	0
2171	1.44687389904	0
2172	1.44687330648	0
2173	1.44687271392	0
2174	1.44687212136	0
2175	1.4468715288	0
2176	1.44687093624	0
2177	1.44687034368	0
2178	1.44686975112	0
2179	1.44686915856	0
2180	1.446868566	0
2181	1.44686797344	0
2182	1.44686738088	0
2183	1.44686678832	0
2184	1.44686619576	0
2185	1.4468656032	0
2186	1.44686501064	0
2187	1.44686441808	0
2188	1.44686382552	0
2189	1.44686323296	0
2190	1.4468626404	0
2191	1.44686204784	0
2192	1.44686145528	0
2193	1.44686086272	0
2194	1.44686027016	0
2195	1.4468596776	0
2196	1.44685908504	0
2197	1.44685849248	0
2198	1.44685789992	0
2199	1.44685730736	0
2200	1.4468567148	0
2201	1.44685612224	0
2202	1.44685552968	0
2203	1.44685493712	0
2204	1.44685434456	0
2205	1.446853752	0
2206	1.44685315944	0
2207	1.44685256688	0
2208	1.44685197432	0
2209	1.44685138176	0
2210	1.4468507892	0
2211	1.44685039416	0
2212	1.44684999912	0
2213	1.44684960408	0
2214	1.44684920904	0
2215	1.446848814	0
2216	1.44684822144	0
2217	1.44684762888	0
2218	1.44684703632	0
2219	1.44684644376	0
2220	1.4468458512	0
2221	1.44684525864	0
2222	1.44684466608	0
2223	1.44684407352	0
2224	1.44684348096	0
2225	1.4468428884	0
2226	1.44684229584	0
2227	1.44684170328	0
2228	1.44684111072	0
2229	1.44684051816	0
2230	1.4468399256	0
2231	1.44683933304	0
2232	1.44683874048	0
2233	1.44683814792	0
2234	1.44683755536	0
2235	1.4468369628	0
2236	1.44683656776	0
2237	1.44683617272	0
2238	1.44683577768	0
2239	1.44683538264	0
2240	1.4468349876	0
2241	1.44683439504	0
2242	1.44683380248	0
2243	1.44683320992	0
2244	1.44683261736	0
2245	1.4468320248	0
2246	1.44683143224	0
2247	1.44683083968	0
2248	1.44683024712	0
2249	1.44682965456	0
2250	1.446829062	0
2251	1.44682866696	0
2252	1.44682827192	0
2253	1.44682787688	0
2254	1.44682748184	0
2255	1.4468270868	0
2256	1.44682649424	0
2257	1.44682590168	0
2258	1.44682530912	0
2259	1.44682471656	0
2260	1.446824124	0
2261	1.44682353144	0
2262	1.44682293888	0
2263	1.44682234632	0
2264	1.44682175376	0
2265	1.4468211612	0
2266	1.44682076616	0
2267	1.44682037112	0
2268	1.44681997608	0
2269	1.44681958104	0
2270	1.446819186	0
2271	1.44681859344	0
2272	1.44681800088	0
2273	1.44681740832	0
2274	1.44681681576	0
2275	1.4468162232	0
2276	1.44681582816	0
2277	1.44681543312	0
2278	1.44681503808	0
2279	1.44681464304	0
2280	1.446814248	0
2281	1.44681365544	0
2282	1.44681306288	0
2283	1.44681247032	0
2284	1.44681187776	0
2285	1.4468112852	0
2286	1.44681069264	0
2287	1.44681010008	0
2288	1.44680950752	0
2289	1.44680891496	0
2290	1.4468083224	0
2291	1.44680792736	0
2292	1.44680753232	0
2293	1.44680713728	0
2294	1.44680674224	0
2295	1.4468063472	0
2296	1.44680575464	0
2297	1.44680516208	0
2298	1.44680456952	0
2299	1.44680397696	0
2300	1.4468033844	0
2301	1.44680298936	0
2302	1.44680259432	0
2303	1.44680219928	0
2304	1.44680180424	0
2305	1.4468014092	0
2306	1.44680081664	0
2307	1.44680022408	0
2308	1.44679963152	0
2309	1.44679903896	0
2310	1.4467984464	0
2311	1.44679805136	0
2312	1.44679765632	0
2313	1.44679726128	0
2314	1.44679686624	0
2315	1.4467964712	0
2316	1.44679587864	0
2317	1.44679528608	0
2318	1.44679469352	0
2319	1.44679410096	0
2320	1.4467935084	0
2321	1.44679311336	0
2322	1.44679271832	0
2323	1.44679232328	0
2324	1.44679192824	0
2325	1.4467915332	0
2326	1.44679113816	0
2327	1.44679074312	0
2328	1.44679034808	0
2329	1.44678995304	0
2330	1.446789558	0
2331	1.44678896544	0
2332	1.44678837288	0
2333	1.44678778032	0
2334	1.44678718776	0
2335	1.4467865952	0
2336	1.44678620016	0
2337	1.44678580512	0
2338	1.44678541008	0
2339	1.44678501504	0
2340	1.44678462	0
2341	1.44678402744	0
2342	1.44678343488	0
2343	1.44678284232	0
2344	1.44678224976	0
2345	1.4467816572	0
2346	1.44678126216	0
2347	1.44678086712	0
2348	1.44678047208	0
2349	1.44678007704	0
2350	1.446779682	0
2351	1.44677928696	0
2352	1.44677889192	0
2353	1.44677849688	0
2354	1.44677810184	0
2355	1.4467777068	0
2356	1.44677711424	0
2357	1.44677652168	0
2358	1.44677592912	0
2359	1.44677533656	0
2360	1.446774744	0
2361	1.44677434896	0
2362	1.44677395392	0
2363	1.44677355888	0
2364	1.44677316384	0
2365	1.4467727688	0
2366	1.44677237376	0
2367	1.44677197872	0
2368	1.44677158368	0
2369	1.44677118864	0
2370	1.4467707936	0
2371	1.44677020104	0
2372	1.44676960848	0
2373	1.44676901592	0
2374	1.44676842336	0
2375	1.4467678308	0
2376	1.44676743576	0
2377	1.44676704072	0
2378	1.44676664568	0
2379	1.44676625064	0
2380	1.4467658556	0
2381	1.44676546056	0
2382	1.44676506552	0
2383	1.44676467048	0
2384	1.44676427544	0
2385	1.4467638804	0
2386	1.44676348536	0
2387	1.44676309032	0
2388	1.44676269528	0
2389	1.44676230024	0
2390	1.4467619052	0
2391	1.44676131264	0
2392	1.44676072008	0
2393	1.44676012752	0
2394	1.44675953496	0
2395	1.4467589424	0
2396	1.44675854736	0
2397	1.44675815232	0
2398	1.44675775728	0
2399	1.44675736224	0
2400	1.4467569672	0
2401	1.44675657216	0
2402	1.44675617712	0
2403	1.44675578208	0
2404	1.44675538704	0
2405	1.446754992	0
2406	1.44675459696	0
2407	1.44675420192	0
2408	1.44675380688	0
2409	1.44675341184	0
2410	1.4467530168	0
2411	1.44675262176	0
2412	1.44675222672	0
2413	1.44675183168	0
2414	1.44675143664	0
2415	1.4467510416	0
2416	1.44675044904	0
2417	1.44674985648	0
2418	1.44674926392	0
2419	1.44674867136	0
2420	1.4467480788	0
2421	1.44674768376	0
2422	1.44674728872	0
2423	1.44674689368	0
2424	1.44674649864	0
2425	1.4467461036	0
2426	1.44674570856	0
2427	1.44674531352	0
2428	1.44674491848	0
2429	1.44674452344	0
2430	1.4467441284	0
2431	1.44674373336	0
2432	1.44674333832	0
2433	1.44674294328	0
2434	1.44674254824	0
2435	1.4467421532	0
2436	1.44674175816	0
2437	1.44674136312	0
2438	1.44674096808	0
2439	1.44674057304	0
2440	1.446740178	0
2441	1.44673978296	0
2442	1.44673938792	0
2443	1.44673899288	0
2444	1.44673859784	0
2445	1.4467382028	0
2446	1.44673780776	0
2447	1.44673741272	0
2448	1.44673701768	0
2449	1.44673662264	0
2450	1.4467362276	0
2451	1.44673583256	0
2452	1.44673543752	0
2453	1.44673504248	0
2454	1.44673464744	0
2455	1.4467342524	0
2456	1.44673385736	0
2457	1.44673346232	0
2458	1.44673306728	0
2459	1.44673267224	0
2460	1.4467322772	0
2461	1.44673188216	0
2462	1.44673148712	0
2463	1.44673109208	0
2464	1.44673069704	0
2465	1.446730302	0
2466	1.44672970944	0
2467	1.44672911688	0
2468	1.44672852432	0
2469	1.44672793176	0
2470	1.4467273392	0
2471	1.44672694416	0
2472	1.44672654912	0
2473	1.44672615408	0
2474	1.44672575904	0
2475	1.446725364	0
2476	1.44672496896	0
2477	1.44672457392	0
2478	1.44672417888	0
2479	1.44672378384	0
2480	1.4467233888	0
2481	1.44672299376	0
2482	1.44672259872	0
2483	1.44672220368	0
2484	1.44672180864	0
2485	1.4467214136	0
2486	1.44672101856	0
2487	1.44672062352	0
2488	1.44672022848	0
2489	1.44671983344	0
2490	1.4467194384	0
2491	1.44671904336	0
2492	1.44671864832	0
2493	1.44671825328	0
2494	1.44671785824	0
2495	1.4467174632	0
2496	1.44671726568	0
2497	1.44671706816	0
2498	1.44671687064	0
2499	1.44671667312	0
2500	1.4467164756	0
