0.350	2.317048
0.352	2.313395
0.354	2.309832
0.356	2.306355
0.358	2.302962
0.360	2.299649
0.362	2.296414
0.364	2.293255
0.366	2.290169
0.368	2.287153
0.370	2.284205
0.372	2.281324
0.374	2.278507
0.376	2.275751
0.378	2.273056
0.380	2.270419
0.382	2.267838
0.384	2.265313
0.386	2.262840
0.388	2.260419
0.390	2.258048
0.392	2.255726
0.394	2.253451
0.396	2.251222
0.398	2.249037
0.400	2.246896
0.402	2.244797
0.404	2.242739
0.406	2.240720
0.408	2.238741
0.410	2.236799
0.412	2.234894
0.414	2.233025
0.416	2.231190
0.418	2.229390
0.420	2.227622
0.422	2.225887
0.424	2.224183
0.426	2.222510
0.428	2.220867
0.430	2.219252
0.432	2.217666
0.434	2.216108
0.436	2.214577
0.438	2.213072
0.440	2.211593
0.442	2.210139
0.444	2.208709
0.446	2.207304
0.448	2.205921
0.450	2.204562
0.452	2.203225
0.454	2.201910
0.456	2.200616
0.458	2.199343
0.460	2.198091
0.462	2.196858
0.464	2.195645
0.466	2.194451
0.468	2.193275
0.470	2.192118
0.472	2.190979
0.474	2.189857
0.476	2.188752
0.478	2.187664
0.480	2.186592
0.482	2.185537
0.484	2.184497
0.486	2.183473
0.488	2.182463
0.490	2.181469
0.492	2.180489
0.494	2.179523
0.496	2.178571
0.498	2.177633
0.500	2.176708
0.502	2.175796
0.504	2.174897
0.506	2.174010
0.508	2.173136
0.510	2.172274
0.512	2.171424
0.514	2.170586
0.516	2.169759
0.518	2.168943
0.520	2.168138
0.522	2.167345
0.524	2.166561
0.526	2.165788
0.528	2.165026
0.530	2.164273
0.532	2.163530
0.534	2.162797
0.536	2.162074
0.538	2.161360
0.540	2.160655
0.542	2.159959
0.544	2.159272
0.546	2.158593
0.548	2.157923
0.550	2.157262
0.552	2.156609
0.554	2.155964
0.556	2.155327
0.558	2.154697
0.560	2.154076
0.562	2.153462
0.564	2.152856
0.566	2.152256
0.568	2.151665
0.570	2.151080
0.572	2.150502
0.574	2.149931
0.576	2.149367
0.578	2.148809
0.580	2.148258
0.582	2.147714
0.584	2.147175
0.586	2.146643
0.588	2.146118
0.590	2.145598
0.592	2.145084
0.594	2.144576
0.596	2.144074
0.598	2.143577
0.600	2.143086
0.602	2.142601
0.604	2.142121
0.606	2.141646
0.608	2.141177
0.610	2.140712
0.612	2.140253
0.614	2.139799
0.616	2.139350
0.618	2.138906
0.620	2.138466
0.622	2.138032
0.624	2.137602
0.626	2.137176
0.628	2.136755
0.630	2.136339
0.632	2.135927
0.634	2.135520
0.636	2.135116
0.638	2.134717
0.640	2.134322
0.642	2.133931
0.644	2.133545
0.646	2.133162
0.648	2.132783
0.650	2.132408
0.652	2.132037
0.654	2.131669
0.656	2.131306
0.658	2.130946
0.660	2.130589
0.662	2.130236
0.664	2.129887
0.666	2.129541
0.668	2.129199
0.670	2.128860
0.672	2.128524
0.674	2.128191
0.676	2.127862
0.678	2.127536
0.680	2.127213
0.682	2.126893
0.684	2.126577
0.686	2.126263
0.688	2.125952
0.690	2.125645
0.692	2.125340
0.694	2.125038
0.696	2.124739
0.698	2.124443
0.700	2.124149
0.702	2.123858
0.704	2.123570
0.706	2.123285
0.708	2.123002
0.710	2.122722
0.712	2.122444
0.714	2.122169
0.716	2.121897
0.718	2.121626
0.720	2.121359
0.722	2.121093
0.724	2.120831
0.726	2.120570
0.728	2.120312
0.730	2.120056
0.732	2.119802
0.734	2.119551
0.736	2.119302
0.738	2.119055
0.740	2.118810
0.742	2.118567
0.744	2.118327
0.746	2.118088
0.748	2.117852
0.750	2.117617
0.752	2.117385
0.754	2.117155
0.756	2.116926
0.758	2.116700
0.760	2.116475
0.762	2.116253
0.764	2.116032
0.766	2.115813
0.768	2.115596
0.770	2.115381
0.772	2.115167
0.774	2.114955
0.776	2.114746
0.778	2.114537
0.780	2.114331
0.782	2.114126
0.784	2.113923
0.786	2.113722
0.788	2.113522
0.790	2.113324
0.792	2.113127
0.794	2.112932
0.796	2.112739
0.798	2.112547
0.800	2.112356
0.802	2.112168
0.804	2.111980
0.806	2.111794
0.808	2.111610
0.810	2.111427
0.812	2.111246
0.814	2.111066
0.816	2.110887
0.818	2.110710
0.820	2.110534
0.822	2.110359
0.824	2.110186
0.826	2.110015
0.828	2.109844
0.830	2.109675
0.832	2.109507
0.834	2.109340
0.836	2.109175
0.838	2.109011
0.840	2.108848
0.842	2.108687
0.844	2.108526
0.846	2.108367
0.848	2.108209
0.850	2.108052
0.852	2.107897
0.854	2.107742
0.856	2.107589
0.858	2.107437
0.860	2.107286
0.862	2.107136
0.864	2.106987
0.866	2.106839
0.868	2.106692
0.870	2.106547
0.872	2.106402
0.874	2.106259
0.876	2.106116
0.878	2.105975
0.880	2.105834
0.882	2.105695
0.884	2.105557
0.886	2.105419
0.888	2.105283
0.890	2.105147
0.892	2.105013
0.894	2.104879
0.896	2.104747
0.898	2.104615
0.900	2.104484
0.902	2.104354
0.904	2.104225
0.906	2.104097
0.908	2.103970
0.910	2.103844
0.912	2.103718
0.914	2.103594
0.916	2.103470
0.918	2.103347
0.920	2.103225
0.922	2.103104
0.924	2.102984
0.926	2.102864
0.928	2.102746
0.930	2.102628
0.932	2.102511
0.934	2.102394
0.936	2.102279
0.938	2.102164
0.940	2.102050
0.942	2.101937
0.944	2.101824
0.946	2.101713
0.948	2.101602
0.950	2.101491
0.952	2.101382
0.954	2.101273
0.956	2.101165
0.958	2.101057
0.960	2.100951
0.962	2.100845
0.964	2.100739
0.966	2.100635
0.968	2.100531
0.970	2.100428
0.972	2.100325
0.974	2.100223
0.976	2.100122
0.978	2.100021
0.980	2.099921
0.982	2.099822
0.984	2.099723
0.986	2.099625
0.988	2.099528
0.990	2.099431
0.992	2.099334
0.994	2.099239
0.996	2.099144
0.998	2.099049
1.000	2.098955
1.002	2.098862
1.004	2.098769
1.006	2.098677
1.008	2.098586
1.010	2.098495
1.012	2.098404
1.014	2.098315
1.016	2.098225
1.018	2.098136
1.020	2.098048
1.022	2.097961
1.024	2.097873
1.026	2.097787
1.028	2.097701
1.030	2.097615
1.032	2.097530
1.034	2.097446
1.036	2.097362
1.038	2.097278
1.040	2.097195
1.042	2.097112
1.044	2.097030
1.046	2.096949
1.048	2.096868
1.050	2.096787
1.052	2.096707
1.054	2.096627
1.056	2.096548
1.058	2.096470
1.060	2.096391
1.062	2.096314
1.064	2.096236
1.066	2.096159
1.068	2.096083
1.070	2.096007
1.072	2.095931
1.074	2.095856
1.076	2.095782
1.078	2.095707
1.080	2.095634
1.082	2.095560
1.084	2.095487
1.086	2.095415
1.088	2.095343
1.090	2.095271
1.092	2.095200
1.094	2.095129
1.096	2.095058
1.098	2.094988
1.100	2.094918
1.102	2.094849
1.104	2.094780
1.106	2.094712
1.108	2.094643
1.110	2.094576
1.112	2.094508
1.114	2.094441
1.116	2.094375
1.118	2.094308
1.120	2.094242
1.122	2.094177
1.124	2.094112
1.126	2.094047
1.128	2.093982
1.130	2.093918
1.132	2.093854
1.134	2.093791
1.136	2.093728
1.138	2.093665
1.140	2.093603
1.142	2.093541
1.144	2.093479
1.146	2.093418
1.148	2.093356
1.150	2.093296
1.152	2.093235
1.154	2.093175
1.156	2.093116
1.158	2.093056
1.160	2.092997
1.162	2.092938
1.164	2.092880
1.166	2.092821
1.168	2.092764
1.170	2.092706
1.172	2.092649
1.174	2.092592
1.176	2.092535
1.178	2.092479
1.180	2.092423
1.182	2.092367
1.184	2.092311
1.186	2.092256
1.188	2.092201
1.190	2.092147
1.192	2.092092
1.194	2.092038
1.196	2.091984
1.198	2.091931
1.200	2.091878
1.202	2.091825
1.204	2.091772
1.206	2.091720
1.208	2.091668
1.210	2.091616
1.212	2.091564
1.214	2.091513
1.216	2.091462
1.218	2.091411
1.220	2.091360
1.222	2.091310
1.224	2.091260
1.226	2.091210
1.228	2.091160
1.230	2.091111
1.232	2.091062
1.234	2.091013
1.236	2.090964
1.238	2.090916
1.240	2.090868
1.242	2.090820
1.244	2.090773
1.246	2.090725
1.248	2.090678
1.250	2.090631
1.252	2.090584
1.254	2.090538
1.256	2.090492
1.258	2.090446
1.260	2.090400
1.262	2.090354
1.264	2.090309
1.266	2.090264
1.268	2.090219
1.270	2.090174
1.272	2.090130
1.274	2.090085
1.276	2.090041
1.278	2.089998
1.280	2.089954
1.282	2.089911
1.284	2.089867
1.286	2.089824
1.288	2.089782
1.290	2.089739
1.292	2.089697
1.294	2.089654
1.296	2.089612
1.298	2.089571
1.300	2.089529
1.302	2.089488
1.304	2.089446
1.306	2.089405
1.308	2.089365
1.310	2.089324
1.312	2.089284
1.314	2.089243
1.316	2.089203
1.318	2.089163
1.320	2.089124
1.322	2.089084
1.324	2.089045
1.326	2.089006
1.328	2.088967
1.330	2.088928
1.332	2.088890
1.334	2.088851
1.336	2.088813
1.338	2.088775
1.340	2.088737
1.342	2.088699
1.344	2.088662
1.346	2.088624
1.348	2.088587
1.350	2.088550
1.352	2.088513
1.354	2.088477
1.356	2.088440
1.358	2.088404
1.360	2.088367
1.362	2.088331
1.364	2.088295
1.366	2.088260
1.368	2.088224
1.370	2.088189
1.372	2.088154
1.374	2.088119
1.376	2.088084
1.378	2.088049
1.380	2.088014
1.382	2.087980
1.384	2.087945
1.386	2.087911
1.388	2.087877
1.390	2.087843
1.392	2.087810
1.394	2.087776
1.396	2.087743
1.398	2.087709
1.400	2.087676
1.402	2.087643
1.404	2.087611
1.406	2.087578
1.408	2.087545
1.410	2.087513
1.412	2.087481
1.414	2.087449
1.416	2.087417
1.418	2.087385
1.420	2.087353
1.422	2.087321
1.424	2.087290
1.426	2.087259
1.428	2.087227
1.430	2.087196
1.432	2.087166
1.434	2.087135
1.436	2.087104
1.438	2.087074
1.440	2.087043
1.442	2.087013
1.444	2.086983
1.446	2.086953
1.448	2.086923
1.450	2.086893
1.452	2.086864
1.454	2.086834
1.456	2.086805
1.458	2.086776
1.460	2.086746
1.462	2.086717
1.464	2.086689
1.466	2.086660
1.468	2.086631
1.470	2.086603
1.472	2.086574
1.474	2.086546
1.476	2.086518
1.478	2.086490
1.480	2.086462
1.482	2.086434
1.484	2.086406
1.486	2.086379
1.488	2.086351
1.490	2.086324
1.492	2.086297
1.494	2.086269
1.496	2.086242
1.498	2.086215
1.500	2.086189
1.502	2.086162
1.504	2.086135
1.506	2.086109
1.508	2.086082
1.510	2.086056
1.512	2.086030
1.514	2.086004
1.516	2.085978
1.518	2.085952
1.520	2.085926
1.522	2.085901
1.524	2.085875
1.526	2.085850
1.528	2.085824
1.530	2.085799
1.532	2.085774
1.534	2.085749
1.536	2.085724
1.538	2.085699
1.540	2.085674
1.542	2.085650
1.544	2.085625
1.546	2.085601
1.548	2.085577
1.550	2.085552
1.552	2.085528
1.554	2.085504
1.556	2.085480
1.558	2.085456
1.560	2.085432
1.562	2.085409
1.564	2.085385
1.566	2.085362
1.568	2.085338
1.570	2.085315
1.572	2.085292
1.574	2.085268
1.576	2.085245
1.578	2.085222
1.580	2.085200
1.582	2.085177
1.584	2.085154
1.586	2.085131
1.588	2.085109
1.590	2.085087
1.592	2.085064
1.594	2.085042
1.596	2.085020
1.598	2.084998
1.600	2.084976
1.602	2.084954
1.604	2.084932
1.606	2.084910
1.608	2.084888
1.610	2.084867
1.612	2.084845
1.614	2.084824
1.616	2.084802
1.618	2.084781
1.620	2.084760
1.622	2.084739
1.624	2.084718
1.626	2.084697
1.628	2.084676
1.630	2.084655
1.632	2.084634
1.634	2.084614
1.636	2.084593
1.638	2.084573
1.640	2.084552
1.642	2.084532
1.644	2.084512
1.646	2.084492
1.648	2.084471
1.650	2.084451
1.652	2.084431
1.654	2.084412
1.656	2.084392
1.658	2.084372
1.660	2.084352
1.662	2.084333
1.664	2.084313
1.666	2.084294
1.668	2.084274
1.670	2.084255
1.672	2.084236
1.674	2.084217
1.676	2.084197
1.678	2.084178
1.680	2.084159
1.682	2.084140
1.684	2.084122
1.686	2.084103
1.688	2.084084
1.690	2.084066
1.692	2.084047
1.694	2.084028
1.696	2.084010
1.698	2.083992
1.700	2.083973
1.702	2.083955
1.704	2.083937
1.706	2.083919
1.708	2.083901
1.710	2.083883
1.712	2.083865
1.714	2.083847
1.716	2.083829
1.718	2.083812
1.720	2.083794
1.722	2.083776
1.724	2.083759
1.726	2.083741
1.728	2.083724
1.730	2.083707
1.732	2.083689
1.734	2.083672
1.736	2.083655
1.738	2.083638
1.740	2.083621
1.742	2.083604
1.744	2.083587
1.746	2.083570
1.748	2.083553
1.750	2.083536
1.752	2.083520
1.754	2.083503
1.756	2.083486
1.758	2.083470
1.760	2.083453
1.762	2.083437
1.764	2.083421
1.766	2.083404
1.768	2.083388
1.770	2.083372
1.772	2.083356
1.774	2.083340
1.776	2.083324
1.778	2.083308
1.780	2.083292
1.782	2.083276
1.784	2.083260
1.786	2.083244
1.788	2.083229
1.790	2.083213
1.792	2.083198
1.794	2.083182
1.796	2.083167
1.798	2.083151
1.800	2.083136